-315
-1216
-4860
-2452
-2730
-3010
346
-2529
-2748
287
-444
-1147
-1084
-2646
-455
-1241
-1509
-3213
-4901
-1381
-1513
-3777
-611
-1286
-3795
-983
-2359
-4737
-1205
-4605
-1997
-1564
-4140
-2934
-3416
-3369
-2759
-4569
-2203
32
-2500
-3157
-4343
-4284
-852
-2352
-4616
-3641
364
-2126
-4700
-2830
-4860
-4463
-4679
-4582
-4340
-3774
-2276
-1986
-3234
-2768
-3624
473
-582
-245
-606
-4110
-2918
-4291
-1922
-2684
-3970
-4372
-4604
-115
-3610
-1749
-2090
-4378
-2006
-1970
-4076
-4813
264
-1252
-3116
-2602
-480
-2486
28
415
-1303
-4818
-3006
-2925
-3387
-3537
-822
-3744
-2648
-557
-2429
-3955
-2300
-4311
-1406
-854
-275
-3964
-4971
-342
-2387
368
-1346
-1740
-3402
-3239
-1439
483
-2851
-3140
-1898
-354
-4017
-777
-1155
-248
-565
-537
-132
-1667
-4728
-658
-3363
-2434
-503
-455
-4458
-2527
-1193
-2109
-1124
-1357
-2498
-358
-4362
-2743
-2531
-1892
-3336
-1686
-1982
237
111
-3855
-4582
-2466
203
-299
-1154
-423
-4113
-4343
-3401
-3864
43
-2666
-1473
-2981
-1549
-458
-4995
-3099
-4007
-759
-3396
-4228
-506
-3805
-451
-191
-3664
-2591
-1312
-1791
-2583
-600
-2713
-2989
-658
-211
-3042
-1508
-2255
-3548
-2365
-3767
-4387
-3687
-1543
-1292
-1974
259
-2139
-2778
-4029
-1880
-2812
-4004
198
-1214
-2487
-3013
447
-865
-157
-2236
-1158
475
-2372
-2975
-3261
24
-76
-4276
204
-379
-935
-4192
-1886
-4782
-3015
-1439
-4496
-3013
-4418
-33
-4234
-1574
-2646
-3255
-3518
-3577
-4389
-1257
-1651
-1284
-4041
-2168
-1320
-2149
-4181
-2906
-4813
336
-4106
-2550
-4480
-4590
-4212
-2542
-2206
-188
142
-3516
-4392
-137
-3738
-4415
-3308
-1762
-2089
-3923
-492
-2361
-3252
-3049
-1822
247
-4742
-3736
-2608
-264
-2895
-3465
-925
-4299
-4006
-2322
-3730
-947
-1530
-340
-1077
-2790
-1109
-3941
-722
-3473
-69
-1795
-1262
173
439
-3521
-3509
-2649
-4546
-785
-4
-3500
-3739
-2730
-2130
-2929
-4311
-2710
-4061
-3742
-1165
-1731
-179
-3373
-74
-4111
-1745
-2982
-609
228
-1876
-1755
422
-2800
-3007
-71
-2763
-2216
-2298
-1571
-1331
-723
-4885
-2914
-3792
-845
-1384
-1766
-777
-3657
-3244
-2478
-998
-3511
306
98
-3542
-119
-1898
-1068
-1748
-2426
-3776
-4476
-11
-4499
-1620
-1403
-1318
-2549
-576
-1819
153
-1400
-2599
-1545
-2685
-3796
270
-3787
-462
-2110
-764
-2146
55
-3765
-4903
142
-4066
-1127
-2327
-2094
-830
-3957
-2108
-2822
-1993
-2194
362
-3578
16
-1289
70
-2108
-4694
-2466
-2920
-3161
-1829
-4099
-4784
-2163
-2457
122
-2531
-4472
-945
-4736
-837
-24
-660
-2237
-3737
-4351
113
-3126
-1034
-410
-1369
-879
-1018
-1779
-4593
-1209
-2686
-2562
-3822
-2543
-1701
-1552
6
257
-872
-830
-1817
-1908
-1988
-64
-3046
-2437
-3671
-2231
-2245
-1577
-4587
-679
-4347
-4444
-4993
-2309
-1311
-214
-2307
-3223
-3025
-3099
-3875
-4061
-2997
-3593
400
-1675
-2949
-2088
-3059
-540
-1180
-1338
-1999
-2309
-4459
-208
-2963
-2548
-4125
-1442
-731
-2695
-4114
-18
-927
-3993
-2412
-3737
61
-4108
-309
-4754
-3061
-3733
-3221
-1823
-1955
-1782
253
100
-4260
386
-4718
-2571
-4408
464
-1012
-4868
-4071
-2459
90
-447
-4314
-1483
-818
-404
112
-722
380
-14
358
-1733
-1873
-941
-2598
-4258
-4770
-1990
-2426
-3436
-2982
-513
-2302
-4147
-4536
-471
379
-3138
-2305
-3206
-4856
-4933
-3617
339
-632
-3993
-3633
-1156
-1827
-223
-3746
-2320
-1340
-4565
274
-2277
-2482
-4531
-4955
-4757
-4486
-2111
-2117
-217
-1177
-1269
-2708
-1002
-727
-2159
-1537
-1787
-556
-2409
-763
-1183
-1430
-4353
-4868
184
-4409
-1409
-3102
-4106
-3913
-1425
-1324
-2871
-4840
-2069
63
-4827
-1679
-2247
-2493
-2683
-567
-443
-4382
235
-2841
-2307
-1552
-4210
-949
-1107
-728
-685
-4346
-4948
-1807
-3729
-3926
-2145
29
-3138
-4089
156
-3555
-3893
-3471
297
-3929
-3697
-4848
-2044
-3236
-3650
-4551
-206
-3987
-1657
-2963
-1606
-2955
-3831
-210
-1565
-3598
-812
-3192
-3715
-3995
-3323
-1516
-4246
-3066
-1721
218
-3277
-4195
-352
-4920
-775
-3997
-4851
-1604
-4970
-1034
-1806
-3008
-3966
-4603
-1851
-2514
-2988
-1331
-2989
-79
231
-1006
153
-3102
-1630
-1255
331
-2143
-1976
-2562
-1275
409
-4289
-373
-4494
-737
-2298
-325
-4829
-2604
-2652
-1865
-1634
-1828
118
-3523
264
-420
-1892
-159
-925
-1115
-2834
-2245
-4839
-654
-1912
-1164
-2561
-3046
-1744
223
-2273
-4273
-4854
-1074
-1500
-2030
-3019
-1279
-2001
-1851
-3757
-3794
-4249
-4090
-2490
-4881
-2947
-865
-3203
-641
-3333
-4373
-3313
-4399
-2924
-1475
-1048
-4834
-193
-1852
-1854
-3679
-3626
-890
-4311
386
-2770
-2540
-1058
-2796
-347
-3383
-1193
-4771
-2827
-818
-660
-813
-3832
-616
221
-390
-4469
-3482
-4969
-2233
-4797
-2535
-2469
-3119
-4852
-1850
-1047
-1320
-4921
-1778
-3347
-4660
435
-803
-354
360
163
-4016
-3011
-4169
-4306
442
-2516
-1573
-1791
-1200
-478
-605
-4976
-732
-4634
-3228
-3177
-1100
-3605
-3317
-4067
-175
-3657
400
-1601
-3295
-2340
-4573
-4052
-3653
-1468
477
-4516
-3700
-2625
-2155
-4726
-3117
-963
-160
188
-834
-4885
-1020
76
-3396
-3716
-4401
-2139
-2589
-2145
-4388
-906
-4596
-3941
497
-3354
-128
-2197
-3073
-3607
-3875
-1406
-3029
-1383
-4501
-3174
-2538
-782
-4216
-3507
-3862
-3046
257
-1069
-3203
-3651
-2953
111
-2689
-1847
-2195
-284
-4066
1
-2736
-3817
-346
-378
-2570
-1024
-1796
-3317
-3664
-368
-3656
-533
-1803
-4959
-2094
-1888
-2007
-1004
-1342
-392
-2359
-3442
-3633
-3166
-637
-3237
-2401
-975
-3905
-2715
-2377
-1522
-2410
-3337
-1239
-3911
-3335
-3213
-212
-2785
-245
480
-2608
-418
-2483
-1880
-2653
259
-3687
-364
-3615
252
-2107
-4891
-1700
-1851
-3474
-4267
-1205
-683
-1795
-62
284
-4591
128
-2266
-1662
-187
-877
-4137
-873
-2535
-3925
-2377
-2733
-4244
-4907
-156
-317
-3036
-4110
-4391
-1360
-3383
-3108
-1553
-747
-540
-797
-3198
-4844
-3430
-1390
-3734
-4373
-3496
-198
-4573
-2450
-2192
-3328
-513
-4748
-214
-3187
-1758
-4629
-335
-1034
-644
-4729
47
-4841
-3040
-4781
335
-4970
-3474
-2731
-1437
-2388
-609
-2413
-2588
229
-2864
-4194
-2229
239
-4652
-1096
-1649
-235
-4597
-4697
-1693
-308
-3659
-4174
-4104
-854
-2230
-3644
-553
-2281
-3254
-3198
30
-4550
-4096
-2566
-3965
-4497
360
-1760
-3828
-383
-356
-1379
-663
-3121
-1865
-4237
-1511
-1674
-2130
-442
-4402
-1374
-4281
-123
-667
-3324
-1062
-4148
-1157
-4266
-1855
-909
-1288
-79
-4585
-646
-2653
-908
95
-1403
-922
-4239
-4876
-3118
-4173
-4896
-4807
-79
-2000
-1862
-4597
-4258
-1427
-514
-1328
-3818
-522
-2289
-3686
-757
-2434
-3520
-4925
-1912
-92
-3018
-2427
395
-3287
-4951
-4654
-1772
-519
-4289
-2424
-293
-3681
-2934
79
-1692
-2585
-1707
-4988
-1758
-2542
-1182
-159
-396
-3455
-2117
-3178
-2671
-1299
-3117
259
-1510
-2135
351
-3379
-2510
-798
-871
-1289
-2167
-2611
-780
-148
-1864
-4471
-1074
-3053
-590
390
-2934
-4725
-4917
-1326
-4216
-3960
-1681
185
-4773
-2164
-114
-3892
-3014
41
-947
-1748
308
-2654
-4729
-1582
-4316
-2021
-3968
-3540
-4058
-4279
-2148
-1686
-275
-2710
-823
-4315
53
-358
-3652
-3558
-1394
-4115
-2628
-568
-2796
-695
-1555
-235
-273
-3907
-4930
-3837
-827
-4159
-4489
-378
-1159
-4826
-322
-4209
-4674
-1108
-3122
-3879
-1837
-2814
-3906
-3587
-2881
-2193
-1829
-2196
-2715
-4096
-3231
-820
-2067
-3782
-1194
-22
-1704
-1507
-1734
12
-1819
8
-156
-931
-4377
177
-3029
-1767
-3108
-4808
-855
-1199
-3977
-9
-2112
19
-1463
-3925
-1792
-692
-32
3
-1978
-3847
-131
-712
-980
-2835
-3214
-4887
-3374
-4764
-327
-420
-1684
-1552
-1585
-1399
-636
-2973
-2736
-4812
186
-4265
-3732
-4303
-4992
-3931
-1311
-4584
-3872
-3537
-3787
-232
-4853
-153
-3999
-296
-4719
-2826
-1327
-4392
-851
-1682
-1999
-593
-4085
-213
-4454
-2778
-2659
-4791
-1909
-369
-1945
-2771
-3369
-4206
-2771
-1734
-3902
-4383
-4015
-4722
-1892
-93
-1534
-2232
-3549
-4702
-2373
-3640
-4714
-4852
-4758
-1522
-1900
489
-1128
-1667
-2099
-2254
-1394
-2284
-507
-1170
-3040
-2504
-1125
-3158
-2841
-2611
-3210
-206
-3595
-111
448
-4303
-3370
-278
307
-660
-807
-1073
-2677
-1612
-4967
-1724
-3772
-4798
-2122
-3964
-4900
-4304
-1696
-3395
-2275
313
-4002
-3948
-296
-2090
-4905
-1085
-1454
-2125
-878
-2622
-3010
-186
-690
-2342
-2603
-2231
-1703
-2237
-1815
-2606
-3455
-2761
-2818
-693
-3720
279
-4353
-115
-3653
-509
-3792
-3741
-1297
-4228
-4893
-4178
-2257
-4651
-2843
-1673
-2583
-588
-155
-3890
-787
-1729
-3050
-2525
-4839
-2200
-205
-397
-2240
-4948
-3382
-1756
-775
-4787
-6
-3360
-3366
-2618
-2972
-2902
-4843
-3708
-3173
-2986
36
-4978
-382
-3024
-1964
-2576
-3246
-2783
-4139
-2344
-4860
-4766
-44
-3190
-9
-1620
-1892
-4571
-2097
-4316
-317
-4126
-2934
-2486
-1007
-2494
-893
-4757
-127
-4838
-265
-1475
-2804
-179
-3629
-3469
-509
28
-1244
-2904
-160
-3831
-1590
-1888
-1467
221
-4239
-3881
-799
-513
-3929
-4946
-1507
-2817
-4585
-578
-2233
-1565
-2878
-284
-859
-2232
-3197
483
-510
-4178
-3907
-1268
-2147
-2369
-2353
-4709
-2184
-4678
-3914
-1703
-2934
-2398
-297
-1822
-2834
-2829
-4312
-4393
-1124
244
-4193
-505
-1223
-2881
-4240
-4899
-676
-1670
-4647
-4485
-2513
-391
-2928
-3412
255
-3345
-4598
-1619
-3792
-3270
-477
-2940
-2190
-654
-2132
-1261
-3098
-3155
-3650
-4577
-4928
-3716
-3335
-1607
-3172
-877
-733
-1874
-4957
-3814
-4228
-1977
-3647
-4273
-3516
-3794
-965
-4354
-599
-1294
-982
-4254
-1249
182
-3674
-771
-3490
-2578
437
-2424
-3792
-668
-1214
-723
-1144
-3096
-56
-2389
-1837
-96
-4288
-2057
-1158
-1661
-2575
-1802
-4142
-3788
-2376
-4693
-4888
-3802
-4769
296
-1031
-1539
340
-4724
-4172
-4670
-4379
-1630
-2768
-367
-1374
-1963
-2807
-932
-4255
-4082
-4478
-906
-2167
-642
-1565
-1776
-1774
-4961
-176
-4112
-2851
-2065
-1500
-4109
412
-4170
-3122
-3563
-2043
-1583
91
-3208
-3156
-4902
-701
-1528
-1290
-36
-1664
-4136
-2339
-3104
-1741
446
-3497
-2653
-836
-4136
-2098
-3618
-1421
-4583
-1628
368
72
-1281
-2873
-1136
-1059
-3382
-3477
-1443
-4167
449
-583
-1754
-3002
-696
-3487
-131
82
-4810
-4476
-734
-2760
-2486
-4657
-2722
-1902
215
-1281
-2794
-2923
-3766
-3557
-4942
-4720
-1296
-1633
-4180
-3592
-794
-4869
-2613
-14
177
-3228
-4248
440
-2383
-4286
238
-3027
-3719
-1971
-1432
-4570
-804
-1662
224
-1250
-3851
-3607
-1466
-516
-1525
-1952
-2511
-4352
-4159
-4740
492
-828
-3803
-794
-4976
-2587
-225
-4489
-3467
-3718
-1078
-3466
-1210
-1059
-3871
-4673
-1063
-4103
469
-3233
-719
133
-2146
-1828
-3300
-4105
-4087
-4277
-4609
-573
-966
-321
-2557
-4848
-4287
-802
-2842
-1043
-3076
-2678
-1878
-2658
-1087
-2674
-3618
-1015
-2359
-4791
-914
-402
-1147
21
-4172
-4919
-3633
-464
-851
-980
-4224
-52
-3601
-150
-707
-3774
-3554
-2916
-3642
-1004
-1269
-1132
-4740
151
-2395
-4385
-1082
-3544
-4007
-2539
-3145
-4165
-1440
-481
-2381
-4760
157
-1649
285
-4132
-1396
-4661
-3867
350
-1056
-3918
-3570
-3479
-3334
-3505
-3342
-395
-4007
-4409
-376
-554
-2358
-561
-1818
418
-2448
68
-3079
-4649
-549
-981
-4287
-3027
-253
-2482
-3513
488
-3090
-2483
-3544
-100
-606
-2128
-3822
-244
-4522
-4732
-3484
-717
-2214
-3813
321
-3081
-4724
-3789
-4138
-1600
-2012
-656
-3658
-3653
-3770
-1409
-3143
-4433
-5000
-4191
61
-4008
-1997
-2738
-1864
-4544
-453
-177
-1331
-4083
-147
-2386
-1210
-791
-2297
-4224
-2920
-127
-2635
-4074
-4161
-4312
-2344
-4828
-4549
-3876
58
-3897
-1446
-3989
-746
-1583
-1764
497
-4986
-1194
-971
396
-801
-1946
46
-3269
-1797
-4531
-2639
-2075
-3973
-1804
-870
-4063
-2744
-2162
-2775
-2904
-1529
-2271
393
-4558
-939
-828
-2569
-2870
-4078
-261
-655
259
-1796
-1320
-4993
-2886
-1962
-210
-263
-4541
-1789
-1617
171
-2944
-2697
-616
-3970
-4294
-3720
-1773
-3430
-1074
-182
-3790
-1883
-2367
-4297
-657
-4328
-3492
-3971
-1427
-4846
-1344
-1550
-2896
-4547
60
-4580
-3927
-4482
26
-2329
441
-4197
-1729
-3602
409
-266
290
-1889
-3274
146
-4433
-2144
-2660
-4482
-4178
-1740
-2020
-1366
-741
-1457
-1850
-1386
-2338
-2924
-3541
-4369
-251
-301
-3592
-4595
-158
-976
-251
-2367
-4053
-4519
-1299
-4397
-4509
-516
-2963
-3588
-470
186
-1167
305
-1458
-4791
-2428
-3603
-1396
172
-2819
-1935
-1287
-4916
-1138
-2682
-4724
-2359
-716
323
-2374
-660
-2986
-4261
-210
-1397
-444
-3827
379
-2836
-3631
-2167
-1417
-4093
-230
-2315
387
266
-2565
-1532
-4094
-2202
-2329
497
-1346
-1112
-4890
98
-4831
-530
-71
-3291
-3866
-3813
-1047
-1136
-1779
-3167
-3164
-4673
-416
-1297
-800
-2415
-121
-1592
-1413
-1378
-2693
-4886
-365
357
-4159
-2966
-1760
-1698
-4423
-1093
-2636
-2557
-1147
-3128
-3877
-3624
-892
-3840
-1933
-1291
-48
-4266
-4997
-181
-4925
-3057
-2661
-496
-4673
440
-1841
-1397
-3351
-1882
-125
-3547
-1301
-2544
-4424
-1553
-4968
-1910
-1196
-4701
-2530
-4800
107
-3500
-4895
222
-4825
-4997
-2360
-330
-3306
-854
-4904
-4673
-460
9
-4143
-4767
-2254
200
-3413
-200
-3537
-2256
-368
-4463
-3876
-1389
-956
-4913
-1414
-4552
-864
-1668
-2314
-3985
-4586
-4582
-749
-4427
-2755
-241
-4501
-730
-2091
173
-2604
-2119
-2692
-4075
-2366
-1035
-4403
-3793
-2728
90
-4170
-4796
-2586
-1948
-2900
418
-2445
-4364
-2567
-236
-1390
-2112
-3644
-2176
-2773
-4670
-3495
-3271
-4543
-4114
-4313
-2109
-845
-4843
-3364
-3860
-880
-3309
91
-113
-2822
-4391
-4132
-3638
-2530
-4040
172
-4536
-4481
-2435
-4780
-4565
-1705
-5
-4338
-3726
-4280
-4934
-1046
-2741
-3237
-4408
-4228
-4454
-4886
-1911
-4112
-2333
-701
-4615
-4250
-4371
-14
-1500
-383
-894
-1065
-4588
-917
-109
-3656
-863
-1785
-2932
-2145
-2635
-2933
-4848
-1085
-4578
-3391
-3286
-4599
-3371
-4385
-3370
-4897
-4284
7
376
-673
-1131
-3711
-602
-800
-936
437
271
-813
-427
-2974
424
-1466
-3671
-3233
-4967
-1566
-2430
-1356
426
-4833
-3958
-2694
-1657
-1456
-2460
-4429
-2504
-3675
-4580
-4684
-1166
-3311
-4497
-4344
-4780
-2603
229
-3480
260
-3075
-2265
-140
463
-2026
-4693
-1178
-553
-2450
-3637
-3901
-208
-3452
-4082
-1216
-1991
-4376
-2746
-3597
-4598
-4757
-3650
-3109
-4149
-4712
-2438
-1582
-1589
-146
-3875
-628
-4473
-1622
-3255
-90
-243
-3784
185
-4687
-3086
-3984
-2052
-1024
-1590
-229
68
-3714
-466
-3402
-3045
-4606
-1661
-426
-1286
-4705
-4713
-4158
-4766
-3711
-4353
-393
-3622
-2985
-3128
-3515
-30
-323
-1811
-3612
-3337
-1726
405
-1338
-4562
-3263
-953
-4779
-1175
-1189
-3816
-3655
-4514
-1113
-3343
-201
45
57
-3428
499
-116
-1641
298
-3606
480
-301
-3111
-1168
-1060
-4698
-563
-462
-4465
-4167
-701
-4765
-2051
-2471
-711
-3618
-1354
-4631
-2200
-4623
199
-2871
-3335
-1374
-1066
-4052
-4823
-2732
-883
-2278
-3506
-1678
-3208
-3560
-2921
-952
-190
-897
-4251
-3309
-3947
-3846
-2866
72
-1535
-3245
-2863
-1683
-1776
-2067
-3312
-3023
-1500
-2602
-571
-3104
-2581
-4539
-2801
-3301
-746
-3938
-3082
-2309
308
-2833
-4508
-3235
-2570
-3476
-4012
-1083
-4901
293
-1904
-4083
-3351
124
-3088
-14
-3775
-1008
-4328
-3440
-20
-2880
-1654
-4880
-88
-1030
-4778
-232
-1649
-4958
-3794
-221
-2041
-3967
-2465
-3177
-738
-1175
-1466
-425
-1580
-4295
-1594
-1931
-3285
-4546
-2866
-4318
-2190
-744
-42
-1338
209
-864
152
-1276
-2580
-47
-24
-3776
-4780
-4503
-2431
-1097
-4195
-1879
-3322
-2504
-270
-2763
127
-383
-1462
-4555
-1147
-932
-2871
-4033
-917
-2354
-4786
-1821
-2009
-393
-1507
-3644
-4312
-1223
-2330
-4607
-3843
-1719
-4938
-4469
-1032
-3519
-232
-4691
-2707
-47
-558
-690
-4611
-4763
-1109
-1048
482
-1125
-3022
-3307
-4562
-3252
-778
-338
-1907
-3920
-1814
-994
-881
-2390
-2264
-249
-3554
-1623
-3696
-687
-3376
-3966
-4466
-3456
-3097
-4192
-587
-765
-935
-940
-2398
-4438
-1579
-2770
-4386
301
-660
-3957
-3707
215
64
-777
-3529
-3878
-4053
-1705
-3169
137
-2260
-1294
-4488
-2213
-16
-1681
-2767
-4555
-1686
-4002
-3956
-1155
-1457
-3685
-1172
-1531
499
-2248
-1349
-427
-264
-933
-4691
-2091
-522
-4107
-2121
-1894
-960
-388
-3733
-415
-1026
-2955
-3457
-4724
-4012
-2324
-469
-1952
-4384
333
-4905
-3886
147
-4689
191
-1452
-2754
-4750
-1327
-3382
-2302
-1676
-4486
-4617
-3784
-1875
-676
-3102
-3716
-831
-3386
-2394
-1379
-2095
-3003
-4720
-1080
-2584
-4032
-559
-1640
-4711
-4954
-385
-4612
-1232
-3802
-3003
-4733
-3050
-4578
-2904
-4
-4191
-3430
-482
-4779
160
-1261
-303
-4342
-861
-219
-1352
-3473
-2182
-1431
-2242
-1221
-4562
-3691
110
-3299
-548
-2597
-1815
47
-623
-3386
-2959
-880
-3906
426
-38
-410
-1547
-2196
365
-3537
-817
-1026
278
-1872
-4662
156
-4580
-251
-1546
-1516
-681
-924
-4145
-3119
-3219
-4366
-4539
-945
-2522
-3232
-4169
-4213
175
-1574
-4358
-329
-4077
-3478
-2814
-2035
-1011
-2958
-1531
-3929
-385
-3201
-441
-3754
-2335
-4631
-88
-4597
-1715
-1427
16
263
220
-2751
-2247
-4221
147
-3099
-3105
160
-1014
-1272
-2318
-4860
-74
-3030
-3632
-1397
-985
-2260
141
345
-3771
378
341
-1848
-2003
-2334
-2776
289
-3943
-1366
-2388
-317
-3028
-3784
-560
-2458
-2274
-4696
-3934
-3854
-646
-2547
-1416
-2160
-2954
-2843
-3473
-3723
-2058
-4848
-2609
-2722
-1897
-4729
-3177
98
-4761
-1648
-291
-3661
-4297
-1954
402
-3971
-1019
-853
-1293
-1390
-4038
-1169
-2170
-2896
-3773
-4864
-3469
-2056
-3819
-4076
-3092
-3593
34
-2198
-1468
-4694
-686
328
-2312
375
-628
-3994
232
-196
-1420
-1869
-1836
497
-1086
-1495
-3899
-4379
-2625
-1687
-918
-1483
-2711
-3824
-1372
-2253
-3840
-162
-1991
-2465
-1307
-2230
-1647
-2750
-3609
349
-2223
-588
-2878
-2713
-993
188
-3170
-2474
-4878
-4502
-2341
-3522
-2986
-3011
-371
-2845
-1290
-3661
-1417
-4651
-3912
-2089
-531
-3902
-2297
-1249
-3748
-1149
205
-1992
-2593
-1024
-3965
-66
-2404
-2250
-4686
-2146
-4839
-4581
291
-4406
-4879
-4782
-1479
-4711
-937
227
-3779
-4716
405
-2957
-2353
-4827
-496
-655
-70
-981
-4099
-1065
-3395
-4014
-2253
-3464
-4334
-4459
-2441
-3389
-140
-2989
-1873
-2909
-2276
-1614
-2414
-3056
-3113
-4729
-4759
-3647
53
-681
-1082
-4785
-2113
-3593
-2174
-377
-2618
-3501
-1220
-2459
-1338
-811
-1678
-2401
-443
-189
-727
-4508
-1172
23
-662
-3707
-4790
-486
-4449
-1552
-920
-2701
-2750
-4432
-2482
-1755
-1454
-2067
-2267
-4422
-2098
-3973
-4045
-2553
-335
-1441
-3167
-2449
-4294
-1811
-3635
-3764
-999
177
-2629
-297
395
-4117
219
-2717
-4191
-3057
-2887
-2487
-1162
-45
-1635
-121
220
-3497
-3420
-3066
-4388
-4415
-4078
-264
-3312
-3502
-3914
-1090
-4452
-4795
-344
-1680
-1865
-1680
-689
447
-1577
183
-4680
-3094
-2570
-3403
-2097
-2048
-1913
-3251
376
-1107
-3389
-2597
-509
234
-2829
-4878
-2285
-1250
-3545
-1405
-4307
-3543
-4794
-310
-1368
-2906
383
-1838
-4732
-3904
-1522
127
-956
-4302
-3314
164
-4222
-619
-2610
174
-2862
-1542
-2845
-976
-838
-3482
-1174
-2989
-4998
-2683
-958
-4907
-3519
-2450
-4219
-1553
182
-3920
-4219
395
-1311
-3952
-279
-3611
-4877
-1446
-4900
-1194
-3329
-3773
174
-681
-1040
-4593
-3146
267
152
-4942
-4170
-2286
409
-1667
-2493
-2458
-825
-3966
-3053
-1982
-2249
-2943
-2435
-311
-3780
-40
-489
-3515
-756
-938
-4900
-1241
-4769
-2618
-2181
-866
-3700
-559
-4693
-2958
-4493
-1063
-2770
-2647
94
-3558
-1099
-2144
-4623
-1296
-3909
-293
365
-1945
-1022
-3379
-4983
-1658
-4137
-3821
-665
-2279
-4448
-481
-3792
-4691
-1379
-4369
-3425
-1464
-1487
-1956
-913
355
-485
-3506
-1632
-2704
-1695
-1498
-2388
-2078
-1294
-2536
-1933
-230
-4732
-4945
-589
-2221
-1921
-2727
-4312
-2331
-1452
-3366
-3835
-3289
-3998
-2524
-573
-3291
-2964
-4044
-2134
-317
-2144
-4451
46
-3565
-3013
-1976
-229
-2032
-1403
-631
-903
-2502
-4422
-3845
-545
332
-3822
-4828
-2944
-4824
-4600
-930
-2674
-965
-2458
-4473
-1591
-312
-2778
378
-682
176
-1476
-1096
-1351
464
-1499
-2351
133
-3931
-1730
-855
-2848
21
-3341
-3193
-2319
-1772
-672
-4318
-2045
-3369
-4378
-1159
-3361
-4943
-4496
-581
-4535
-353
36
-4901
-3843
-4935
-1986
-1350
-732
-3026
-3348
-661
-1956
-3555
270
-1054
-671
-309
-4654
-174
-2339
-1153
-90
-657
-3561
-1219
-568
-3984
-3797
-700
-4601
-2115
448
-54
-1458
-3719
-3122
-1806
-1612
-3125
-3545
-1365
237
-1851
241
-3704
-2491
-3018
-2375
-3311
-2453
-3855
-3344
-595
-3590
-4604
-2684
-1267
-3646
-4997
-4391
-1555
-3287
-1677
-3961
-3099
-2867
-3907
139
-3924
-503
-1128
394
-1391
-668
-2186
-4713
-79
-4061
-1727
-249
-565
-1705
-4447
-1392
-2520
-2065
-3057
-2942
-4344
-2086
-4299
-676
-4354
-4295
-3615
-3328
-1703
-2697
-2253
-46
-2718
-2849
-612
-4690
-551
-1505
-4787
-2013
-3211
-660
-1348
-845
-4000
-2110
-3391
-3872
-4001
-1826
-3323
-909
-721
357
-580
-4775
-1408
-1167
-1283
-4748
-3026
-2815
-4895
-2094
-1060
-4592
-1521
-688
-3920
-3881
-524
-2698
-74
-4963
-1469
-4077
-2209
-2625
-2943
-1491
-2352
-3547
-727
-1373
-4092
-2286
-136
-3449
-4565
-4866
-4391
-3558
-46
-283
-3859
-2974
428
-4477
-4357
-3119
-3621
-2847
-3264
-867
-3462
-4742
211
-3921
-4572
-3877
-2853
-404
-4716
-2898
-3376
-2678
-4502
-4045
-2536
-3363
-1502
-4252
31
-4936
-1357
-221
-2256
105
-2007
38
-1397
-4710
-1756
67
-3874
-3352
-1409
-3451
-4192
-2934
-937
-1229
-4847
-35
-4130
254
-1943
-1602
-1645
-1621
-1540
-1377
478
-2488
-582
-283
-613
-2589
-4603
-98
-2708
-4828
-4966
-2603
-1420
-2001
-1001
-2983
-944
-4720
317
-3996
-785
274
-648
-4130
-3845
-3303
-1811
-1415
-4585
-438
388
336
267
-2825
-1560
-4835
-536
-1084
-3373
-47
-736
-3993
-2682
-3822
-2933
-1089
-1700
-752
-284
-2452
-1170
-3220
-229
-1985
-3545
-100
-3928
-2593
-4245
-2707
-2919
-2018
-3516
-729
-3061
-388
-3099
-2409
-779
58
-4367
-4381
-812
58
-3650
-2900
-4654
-1499
-1318
-3435
-3229
-2003
-398
-1173
-4346
-2458
24
-3172
-2783
437
-3327
-1206
1
-395
-2112
-2579
-4702
-3253
-2783
-4025
-2062
-1066
-1870
-684
-4687
-2304
-4789
-336
92
122
-4845
-3003
442
-4297
-2922
-789
-4641
-1641
-1452
-4438
216
-861
-3114
-3946
-4528
-703
-2847
-555
-3012
-427
-3607
-3098
-4736
-2209
-3251
-266
-2393
-4557
-2261
-2420
-25
-1892
-1365
-963
-3114
-3387
-325
-3714
-1997
-1168
-4079
-4327
-1420
-1648
-2636
-4805
-3027
-545
-2323
291
-723
-2344
-2520
244
-850
-1265
-3630
-3435
-2430
-682
-3991
-648
-4651
244
-4605
-538
-1917
-1561
-3189
-2136
-3687
-3206
-2433
-4494
-2845
-4524
-3681
-3565
-1122
-4005
-1995
-1813
-1239
-3631
-3274
-1729
-4020
-1702
495
-2393
-4300
-3458
-4627
-3777
-3445
-3297
-1438
-454
-2009
-4275
-539
-1890
-4223
-4895
376
-3305
-575
-3057
-885
359
-4447
-84
-3768
-3411
-4222
183
-1774
-541
-2981
-2318
36
-1612
-1879
-1227
-1530
-320
-2093
-2077
-4944
-500
-4044
-4320
-1418
-2800
339
-4347
144
-4267
-2562
42
-366
-412
-4096
-4009
-2140
-2525
-981
-2180
-1427
-1154
-896
-4960
-3993
-3301
482
-1691
-4710
-789
-2536
-3926
132
-3582
-4533
-335
-262
-334
-2721
-2307
-1813
-4550
-173
-2031
-2527
-194
-3964
-2814
-3816
-2353
-1176
-3641
-4323
-3604
-377
-392
-1172
-3439
130
-309
-4440
-353
-3775
-1399
-1857
-1997
455
-3554
-4729
-1894
-3751
-3362
-65
-1393
-1614
-3560
-2420
-3967
-962
-1035
-3004
-2443
-4137
-666
-4990
-2534
-1194
-4140
-476
-1755
-1962
-3895
-1108
-1362
-1457
-4669
-3079
-3145
-372
-1394
-980
-4672
-3373
-3830
-875
-213
-144
-4641
-4949
-3789
-1716
-4995
-4776
-3707
-4247
-1345
-1727
-1750
-4478
-3188
108
-2027
-3491
-2335
-2150
282
-2367
-2780
-3041
-4454
-3306
-1003
-2904
-853
-3992
-4432
-512
-4181
-3840
326
-1386
-4601
-2125
-1235
-3432
-316
-2397
-2716
-3934
-207
-637
-2158
-3631
-4949
-1589
-595
-3066
-3620
-749
-2129
49
-1456
-856
-4663
-2554
-4754
-226
-2124
-4526
-1784
-961
-2814
-3998
-334
-1023
-1122
-359
357
-2809
-3545
-781
-3398
-3199
-3282
-1569
-1564
-2002
-35
-4091
-4095
-4428
473
-2647
-3476
-211
-4878
-3557
-3316
-3859
-2533
-1123
-2801
-3627
128
-4112
-4518
-2875
-1096
-4201
-3067
-232
-3268
-3370
-3033
-866
-3328
-1135
-588
-2665
-1557
-4409
-976
-514
-1582
-1432
-798
-400
-3769
-1400
-2147
-2821
-2187
-1989
-46
-886
-986
-1524
80
-2585
-834
-3571
-706
-240
-3121
-3126
-2442
-4976
-1130
-4604
249
-57
9
-198
-2701
-1826
-2134
-890
-1238
-3329
-2251
-673
371
-4543
-681
-643
-2065
440
-4567
-4250
-2353
-3556
294
-87
-2540
161
-3118
206
-1162
-1451
-1163
-4739
-4592
-4974
-1793
-1746
-3548
-4039
30
-4302
-3942
-2498
-4107
-2399
-2550
-2872
-2599
-2268
-3448
-3437
447
-1569
-1071
-3009
-2492
-4268
-1952
-421
-2693
-3065
295
-1999
-4929
-2961
-4641
-4361
-1461
-1322
-1176
-3584
-981
-1582
-1552
-3722
-1183
-4154
-1681
-3306
-2066
-162
-1140
-1943
-2522
-4222
-3178
323
-769
139
-1315
-4151
145
-4912
-991
-1598
-1309
-1619
-936
-4935
-1062
-1162
-1357
-3290
-2541
-1830
-1069
-103
-4415
-4903
-317
-3816
-146
-4941
-3337
-372
-88
-3235
-2710
-3276
-268
-4164
15
-1666
-4659
-2176
-2710
-3939
-3772
-3510
-3781
-4007
-1980
302
432
-2015
-4988
-591
-4961
120
-2819
-4571
-2116
-1282
-276
225
-1553
-1198
-2040
-831
-4856
-50
-255
-2982
-3949
-1617
-73
-2355
-3019
-1979
-2876
-1069
-499
204
-1269
-1801
-3532
-906
-2993
-4993
-1686
-1906
-2063
-1598
-1779
-1951
-4159
-1216
-2836
-2456
-3809
-4750
-1005
90
-2784
-3389
-4001
-4457
-1492
-2472
-4363
-2220
-1885
-1991
-2700
-2284
340
-3707
-960
-2844
-2601
-4238
-3245
-1415
365
-2335
-3030
-636
-847
-1244
-646
-3162
309
-2986
-2889
-176
-755
-4395
-4820
336
-381
-254
-2348
18
-3996
-1496
-3876
-284
-2305
-1999
-3945
-951
-180
81
-1673
-2055
-4447
-4993
-4298
-3719
-1335
-1552
12
-4620
-4999
-2405
-153
-453
-3480
-1365
-3720
-3577
-3125
-3969
-3129
-2892
-1705
-3051
-3698
-3709
-751
-2616
-4954
-478
-702
-1718
336
-3274
-3952
-4447
-4134
-1369
-1532
-816
253
58
-2555
-2822
-919
-3249
465
70
-2235
-2270
-1756
-570
-1809
-1791
-366
-1000
-780
-2865
-2774
-4127
-4328
467
-1336
-1938
-3636
-2209
-1652
-1355
-4230
-2964
-504
409
-2009
294
-4349
-2597
-4849
-3034
-4707
-4627
-599
-3785
365
-4567
-3814
-2089
-619
-2317
-155
-3577
-1098
-2085
-4740
-4645
-4737
-2011
-4348
-3224
-1079
-2000
-1539
-1322
-4370
-2213
-1910
-1618
-2404
-1450
-4309
-1977
-1762
-763
-627
40
-2495
-985
29
-2153
-696
-4787
-1866
-1173
-751
-3179
-2878
-2393
-3607
-2792
-3808
-1576
-4925
-4071
-773
-1370
-3392
-3822
-967
-2508
-728
18
-261
416
-2058
-2207
-1776
-4997
-131
-2500
-2267
-80
-3204
-4977
-1880
-2875
-1994
5
-1781
-4923
-1581
-619
314
-1159
413
281
-1917
-1973
340
-2616
-3885
-137
-1717
-1700
489
377
-1921
-1980
-4899
-2567
-1951
-4372
-3703
-1491
-3171
-385
-4046
-3599
-3285
-627
-2115
-4784
-3473
-4380
-2684
-890
-2967
-764
-4047
-456
-4367
203
-3052
-4388
-789
-4218
-1813
-3195
-2542
-3257
-64
-3253
-4724
-4270
-4814
-1129
-1078
-935
-3858
-3559
-1584
-4066
-2395
-1306
-1534
-552
-2172
-4340
-2215
-3042
-2197
-215
-3610
-3499
-4360
-1921
-2304
452
411
-1208
-2948
-4591
-2728
-3134
-3551
-303
-4832
-3907
-3537
-920
-3530
-1786
-3514
-2561
354
-2173
-3733
-2831
-3531
-3479
-2787
-4826
-3223
-2068
-4860
-473
-3761
-3916
-2953
-856
-3072
-1329
421
-4382
-4943
-4801
-4523
-4896
-3625
-2656
-4106
-543
389
-3836
-348
-2568
-2857
-692
-1504
-2768
-2316
-2161
459
-3994
-4457
-509
-1490
-2542
-3352
-3556
-4314
-3306
-1745
-1718
457
-2260
-2614
-1318
-2712
-1940
-1215
-3554
-4383
-4532
-2381
-3501
-3928
-4947
-1871
-4530
-37
-1884
-3117
-4631
374
-4701
-4322
-1407
-2576
-900
-2149
-1141
-960
-3369
-4600
-4089
-1219
108
-1130
-2996
-2362
-2260
-1178
-2432
-2360
-1194
278
-4369
-4961
-4438
-1602
-4191
-170
-1716
-3811
355
458
-2100
-2975
198
236
-3742
-2673
-554
-603
-1702
-3445
-939
-4431
-2761
-1682
-816
-1013
175
-1966
-3098
-1487
-545
-1735
-4002
-1187
-3787
-1647
-1717
-3389
-2385
99
-4924
-155
-4946
-758
-546
-572
-2593
-1277
-4729
-1595
-2363
-910
-624
-3661
-4772
241
174
-2094
-2090
-2725
-4099
-77
-4694
-3220
-467
-2550
-1081
-4985
-3577
-1374
-3850
-2575
-1535
-446
-946
-847
-937
-2961
-1154
-684
-4501
-1424
18
-4230
-3153
-2972
-3290
-4003
-3881
-2433
-3838
-4794
-71
-4529
-1984
-1241
-1686
-2243
-4793
-1527
-3978
-3890
-2521
-3104
-662
-1765
-4144
-1593
-1840
-2008
-1660
244
-4871
-2467
-229
-1692
-1852
-2988
-3334
-4289
-3350
-4423
-3237
231
-106
-3247
-4706
-4107
-2860
-2290
-4770
-1557
-3915
-1707
-4098
-4549
-4887
-1342
-3423
-2655
-3575
-2570
271
-1749
-559
-236
-4204
-4777
390
-877
195
-4071
-2887
-4200
-4579
-1889
-3710
456
-4223
-2392
-4604
-329
-4092
-4699
-2451
-3
-1445
-854
-2852
-3475
-4647
-2359
-514
-2740
-61
-2665
-2581
-3817
-864
-515
-2997
-913
263
-1149
-3569
-2000
-2883
-2722
-3704
16
-4101
-57
-507
23
354
-686
-2370
204
-3491
-1469
-427
-468
-1577
-3947
-4423
-1212
-746
51
-2274
-1658
-501
-3271
-860
-457
-4575
-3763
-3068
353
-3128
-1397
30
-3868
-4620
-3917
-3813
-1135
-4400
-1744
-990
-3303
468
-4472
-1088
-4059
-2136
182
-220
-2164
-3148
-4602
31
197
-2930
-1059
-2172
-34
-2067
-22
-2476
-305
-977
-4654
-3433
-1536
-4565
-3656
-1558
-282
-2816
-3571
-2616
-3801
-4609
-1524
-1138
-903
-2391
-3349
-2607
-4916
-485
-1616
-4925
39
-988
-2414
-3382
-2452
-2090
439
-4395
-227
296
188
-4355
-3363
-740
-4386
-1349
-3236
-3694
-2391
-3909
-860
-1134
-4694
-703
-4865
-2543
-2126
-2424
-2070
-2110
-4655
-2542
-2987
-2581
-2123
-2386
-3435
-762
-850
-2958
-3484
-2594
-2474
-371
-1260
-2085
-674
-576
-1235
-2279
-4722
-260
-3592
-184
-429
-2672
-250
-3651
-1091
-1395
-2129
-3353
-2122
-3197
-4647
-1339
165
-4715
-3598
-3750
-3155
-3907
-3938
-2052
-4458
-3995
430
-4805
-830
245
-1998
-3143
-4740
-1030
-3280
-2865
-2175
-315
-472
-1638
-204
-4048
-2920
-3832
-1502
300
-2002
-4542
-2832
-717
-1054
-1615
-1872
-1435
-191
389
-884
-3531
-1410
-3712
-1639
-2826
-3279
-387
-30
-3396
-1019
-1384
-2244
-583
-3160
-1264
-4936
-3684
169
-1000
-1547
-2905
-1517
-139
-1611
-3627
-2812
-4624
-4750
-1270
-3022
-15
-1986
-1621
-278
-3622
-7
-3448
-4557
-2476
-2200
-805
-3677
488
-4459
-269
204
-2138
-2493
-2275
-91
-582
398
-515
-3369
-1919
-196
111
27
-4968
-4505
-356
-4036
-2238
-2913
-1232
-4344
-4981
-4242
-23
-1331
-80
-2186
-586
-1227
-882
-4327
-3454
-1876
-3583
-3977
-4366
-3125
-4952
281
-210
-4133
-1454
-2980
-2811
-3091
-3842
-3906
-1517
-753
-4638
-1602
-3907
-903
-4776
-1723
-1229
-700
-4453
-1975
-4629
-512
-4667
-877
-3375
-1697
-1154
-4139
-3947
-2926
149
-4161
-4333
-4198
-3656
-4969
-3544
-4101
-57
-423
-2050
-3150
-3452
-2041
-4374
-3272
-73
-4893
-1722
-346
-3887
-4623
288
-1935
-3584
-4437
-970
-2773
-1924
-2190
-2490
-1405
-3040
-2496
-4312
-4222
-1646
-791
-587
-3095
-4120
-538
-4562
-2808
-3882
-4664
-589
174
-3941
-1131
-3698
-2227
-1776
-4868
-2013
-3182
-2872
-3165
-231
-1025
-391
-1517
-3588
-2594
-3573
377
-4271
-3810
-4389
-1155
-4380
-736
-1989
-1602
112
-1306
-3654
-90
-2447
-3415
-3941
353
-526
-2701
-2583
-59
-1576
-3770
-4064
-4333
-296
-869
-1063
-2263
-4285
-202
-1072
-1977
-4453
-4762
-1813
-4958
-139
-3713
-4205
-718
-4517
-429
369
-2944
-4190
-3178
-2601
-4768
-4981
-4091
-2577
-2030
-3449
438
281
-4508
-3508
-2278
-769
-37
-2972
-3769
322
-2109
-4944
481
251
-2171
-4579
-72
-4275
-3044
-3433
-3439
-1286
-2694
-2234
-2744
-2949
-3915
-4606
-426
-4168
-4433
-2484
-482
-2233
-1872
-399
127
-3368
-4999
-4349
-292
-95
-1708
-2115
-983
-1426
443
-4469
-1870
-447
-2707
-2289
-1196
-735
-3189
-456
-4612
-2965
327
-759
-293
-1017
-4899
436
-1011
-4333
-4448
-4026
-2760
-1772
-2493
-1459
-840
-4087
-1384
270
-4630
-1578
-3233
-1785
-2733
-2659
-2616
-1078
-1298
-4714
-758
-779
-3376
-1266
-1351
-1256
-4146
467
-3852
-3011
-1856
-702
-4701
-1777
-881
-1951
-2556
-4360
-2923
-3110
-4071
-182
-3044
-2733
-1527
-3732
-2211
-4977
-3109
-1501
-4285
-4063
-1155
472
-1840
-1889
-1603
-222
-3708
-2096
-3135
111
-4007
-3056
-3158
-682
-3827
-1694
-871
-1075
-3556
-4959
250
-4370
-2666
-30
-909
-4009
-1974
-2167
-711
-262
-3234
-1137
-3201
447
-1644
-2596
148
-1558
-4221
-3034
-3708
-1436
-3709
-4365
-3944
-4088
-1768
191
105
255
-3337
-2243
-1725
194
-904
-188
-1564
-2002
-3583
-660
-3848
-1662
-3226
-3773
-367
-44
-4824
417
-3987
-3345
-4357
-4093
-3550
-926
239
-85
-2836
-634
-1250
-4207
-115
-4478
-444
-3113
-1149
-1676
-1417
-4953
-1221
-2080
-4668
-1410
-2403
105
-4949
-2620
-2517
288
136
-105
-3699
-1951
-3732
-4937
-4156
-1783
-3289
-869
-2175
-4486
-2808
-2799
-408
-1884
321
-596
459
-2238
-4976
-1971
-2493
-4380
-4915
416
37
-3944
-1629
-4651
-826
-2052
-896
-3965
20
-445
-4968
-3682
-494
-271
-901
-2460
-3745
-4244
-683
-226
-3357
-4061
-2153
-1025
70
374
-313
-4256
-1792
-4397
-1802
-1329
-4131
-599
-1064
-2502
-2586
-3213
-3611
-3428
246
23
-1339
-2029
-3331
-1086
-4995
-3800
-2210
-4463
-1571
-1129
-2661
-4457
-2137
-4364
-1532
-173
-547
-1022
-419
-3691
-1416
-1027
-2257
-856
-3381
-3625
-3366
-4967
-1353
-3820
-3306
180
-1880
-3229
-689
-2333
-4086
-4057
-4767
-2831
-3324
-1141
-3750
-1212
-1970
-3217
-2950
-3824
-1074
-1825
-3297
190
-1604
-4829
-3218
-2927
-856
-3480
-3616
-4289
-1599
-2182
-2373
-2405
-2410
-3109
-4784
-633
-3495
-1097
-310
-1579
-1345
-1988
-2709
-1445
-733
-1045
-1680
-1433
-3508
-2919
-1716
-9
-609
39
-1580
-2337
-1469
-1849
-2792
-4019
-2509
-1290
-491
-4319
-2225
408
-2355
-3723
-3239
-3153
-978
-2286
-1379
-4430
-3510
-2740
-4126
-4029
-3975
-1961
-4597
-875
-4097
-2610
-2403
-1805
427
-4276
-2579
-1860
-3039
-24
-2837
-2719
-647
-3006
-2163
-3176
-2238
-2644
-1460
-4384
-3110
-3094
315
-695
-3839
29
-443
-2061
-1603
-2731
-4576
-2256
-3710
-3174
-772
-3682
-2134
-202
-3701
-3652
-3604
212
-1088
286
-3400
-829
-1769
-1470
-1051
119
327
-86
-1540
-2966
-3928
217
-1882
-2716
-2369
-2607
-2450
-1434
-1554
-3880
-2143
-2443
-1307
-625
-4864
-4810
-3639
-4117
-1262
-3033
-2254
-2828
-2377
-3166
293
-3543
-2694
-2265
-4905
-1190
-3420
-1441
-1150
-2486
-3097
-901
-615
365
144
-1676
-4423
-4585
-252
-4090
-2038
-745
355
-4953
-2883
-4928
-2554
-2264
-3661
-4371
-1986
-4343
-2202
100
-1431
-1021
-3442
-1026
-2362
-2954
-692
-937
-175
-914
-1547
-4753
-3977
-2427
-1513
-3331
-3619
-1808
-4146
-2806
-2278
-4821
-3966
-530
-3285
-4902
-4159
-513
461
-4006
-316
-467
321
-2439
-2417
-1895
-2104
-1352
469
-1059
-2130
238
-1706
-817
-4977
-2682
-1169
-3161
-3057
-3874
282
-1997
-2145
-3167
-601
-511
-1232
-4019
-3525
-3148
-3293
-869
-1284
-2538
-4180
-4851
-383
-1157
-2938
408
-1330
-2350
-2992
237
-4595
-2181
-2314
-4576
-4835
169
-2145
-1186
-3529
187
-539
-26
-3719
-3613
-4917
-1913
-179
-2998
235
-489
-1716
-2964
-1542
-2380
-2621
-1940
254
-1339
-4932
-2877
-2417
-2361
-4037
-323
-809
-1536
-4023
35
-2220
-3877
-1542
-1295
-2433
-812
-3748
-1141
-3082
-3125
-3825
-2910
-1074
-496
466
34
-2916
-1854
-3798
-1428
-2662
-3185
-3013
-2169
-1972
416
-4026
-926
-4462
-810
-375
-1308
-4911
-693
-4739
-1781
-662
-499
-4767
-3102
-486
-264
-747
-1324
-548
-3064
-423
-2404
434
-1788
-1004
-3407
-3587
-2390
-3988
-92
-924
-2684
158
-1190
-3543
-2257
474
-4161
-2204
-4449
183
-715
128
-4239
-4451
212
-2792
-2271
-428
-4564
-3582
-1522
-2183
368
-174
24
-2097
-3085
-4108
239
-2389
-3702
-4541
-3240
-712
-1747
-3677
-997
-1265
351
-3208
-1621
-4937
-4829
-3009
-4127
-958
-1898
-3003
-4229
-4729
-3629
-2698
10
-1172
-4943
-4051
-3266
-3134
-2843
-1909
-3534
-1664
-4681
-3984
-177
-2476
-195
-3111
-1598
205
-1557
-1368
-3125
-59
-885
-2836
-3488
-3063
267
-2254
-3991
-4852
488
-3232
-4877
-2661
-1874
-315
-1813
-3857
-3044
-1051
-2267
-1261
-1067
-893
-754
-231
-899
-395
-1069
-3625
-2497
-4875
363
-4032
-2473
-4807
-3037
-703
-810
-4236
-3936
-2064
444
-4452
469
-1202
-1955
-4483
-1576
15
-33
-4281
-1318
-3198
-1230
-2773
-4933
-684
-2523
-649
418
-1539
394
362
-3329
197
-3072
-575
-3327
-4316
-3262
-4027
-2964
-2739
-2385
-4185
-3371
-150
-2476
-3919
-2271
-4018
-1579
449
-3493
-2167
379
-1188
-787
-4317
-797
-3777
-4867
484
-2342
-1046
55
-1687
-1559
-3954
-3791
-678
-4841
-711
-1732
-460
-3087
-74
-824
-4135
313
-2203
-1280
-2207
-4986
136
-2652
-1677
415
294
95
-1067
-3301
-1017
-2455
-4566
-967
229
-3853
-1468
-1502
-4548
-397
-4411
-623
-3864
-12
-2349
-4422
221
249
-4439
-622
-3848
173
-2112
115
-2922
-2694
-4817
-4282
-1348
-2216
-1500
-1361
-3243
-4067
-3478
-1513
-3940
-1165
-1208
90
-248
-3609
286
-1382
-844
-4345
-2053
-2364
-4287
-4926
-268
-1111
-2917
-4114
-2076
350
-1781
-4918
-573
-4910
-3742
-896
-3868
-3904
-338
-3937
-4630
-4355
-2012
-1172
-1439
-2645
321
-3348
-3957
-3083
-160
-3040
-2547
379
-2958
-623
-268
-4631
-2445
-2611
-4875
-2372
-2256
-2072
-2529
-6
-2937
-4640
-2498
-3204
-4863
-4809
-2862
-2270
-4420
-1681
-1398
-4440
-1224
-578
-3264
-2200
-2173
-4265
-3442
-323
-3043
-704
-623
-620
-3217
-3336
-1953
-1455
-1175
-3400
-3805
362
-3203
-4374
-1668
-769
-574
-150
-1144
-1066
-3698
-2274
-3588
289
361
-660
217
-2847
-493
-380
-2405
-2454
-3623
-1280
-1700
-1027
-2643
-2877
-4818
-3253
-3073
-4036
-984
480
-4367
-4955
-3992
-3173
-3890
-4990
-2853
434
-3509
-1624
-2684
47
130
-3377
-3108
-3083
-4048
464
-4602
-4575
-2398
-3576
-3521
381
-1277
-1716
-2413
-144
-762
49
-1862
-1433
-991
-2376
-3110
471
326
-1916
-1315
-2097
-4350
-4301
-1263
-1756
414
-4393
-776
-2345
-2721
-2024
-4409
-4459
-798
-1037
-2363
-1941
-3786
-2753
-3771
-71
-3165
-1541
-3939
441
-2081
-979
-2008
17
-2352
-764
-3894
-2644
-1501
-3013
-3152
168
-4854
-4037
-1076
-126
-263
251
-4440
-2190
-3879
-338
63
-2000
-4021
-4509
-1831
-279
-4444
-723
-2761
-4247
-3501
-2030
-3689
385
-2095
-758
-1734
-4395
-4835
-2850
-126
-3402
-1203
-1713
-2395
-2975
-1227
-1896
-4107
-4929
-2231
-510
-1479
-4302
-2792
-4715
-3265
-949
-3248
-4426
-4524
-1045
-3031
-1071
-3572
-4352
-2215
-919
-1921
-200
-931
-3093
-4986
-2114
-1248
-2868
-961
-1416
-2663
-112
-1140
-3973
-1424
450
-4200
-737
17
-4347
-3546
-2994
-1390
-2100
-3969
-1256
-3476
-2074
-2955
-3741
-1376
-1872
-4129
-1305
-1237
-1524
106
-262
-2799
-321
-490
478
-662
-2283
-1399
-148
-2023
-1147
-1596
-2994
73
186
-2771
-3109
-2738
-4752
-702
-4744
-594
412
-2386
14
-1692
-699
-2353
-3084
-614
185
-802
-2483
-855
-2401
-4442
-2016
-2010
-3164
-4647
-4762
-3192
-2804
-3051
-4583
-4933
369
-833
-391
-2501
-4023
-57
-4871
-330
-1088
-3557
-2766
-1335
-1278
394
-142
394
-3428
-2107
-4837
-569
-2391
-4087
-2520
-3818
-4917
-1433
-1416
-4846
-1828
-2760
-1377
-176
-2046
-4023
-4825
-2014
-451
316
-1257
-247
-2754
-4928
-3830
-957
-4503
124
-4957
-866
-33
-4411
-3387
-390
-556
97
-871
-2844
-757
455
-642
-4611
-4943
-341
-4051
-564
-4901
-3111
-929
-4844
-528
-124
-2189
-3005
-2065
-4468
-2186
-1916
-390
-702
-3423
-4445
-2355
-4764
-3746
-2611
-4890
-2067
-1222
-1779
-2143
-2662
-2589
-3939
-4388
-1579
-3639
-4609
-4331
-4587
-4847
-2390
401
-472
-2710
-37
-1850
-4677
-3806
-1110
-2548
-3980
-413
469
-709
-4255
447
-2906
-1565
-454
-4139
-907
-3564
-1221
-3369
-1199
-2133
-3007
-4136
-1277
-3445
-1046
266
-4450
-1556
-3173
176
-3935
-3257
-4660
-1548
305
-4836
-3
-1371
-1971
-2534
-4777
-570
-188
-2768
-613
-3015
-4125
-3137
-2113
-4096
-2074
58
-4172
-1894
-866
-3641
-4980
489
-2600
-48
-1984
-1541
125
401
-2380
329
-4594
-4396
-2270
-1851
-744
-3481
-29
-389
-319
-240
-935
-2236
-815
-4536
-2698
-4075
-4237
-647
-899
-2306
-2411
-4478
-2958
-3081
-1393
-2142
-1977
15
97
-3840
-2541
-3209
-1480
-4713
-4647
-4375
-3024
203
-4872
-2690
-1460
34
-3181
-2408
-212
-4869
-1169
-3179
-2006
-708
-1404
-3470
-2953
-1335
-185
-4739
-365
-2747
61
-3015
-3418
-115
-1530
-2520
-4501
-726
-258
-253
-853
-2544
441
-73
-818
-2470
-3549
409
-1767
-4225
-4124
-3356
-4890
-6
-253
-478
-4552
-4792
-2417
-3462
-3766
-3692
-1537
-2331
-4415
-1068
-4604
-3709
-2256
-4038
-19
-2801
-3531
-2960
-3380
280
-4811
-2269
-4594
-4240
-4420
-2758
-3168
-4566
-4632
-4477
-3386
358
-1311
-3898
-2303
-2274
-2132
-4204
-3519
-1563
-389
-2072
-2657
495
-4800
-1000
-324
-99
-2472
-3858
-845
-3442
-4041
-1629
-652
-3696
73
-1582
-1127
-3076
-2763
-2372
-622
-410
-1211
-1803
-3110
-2845
-1295
-565
-3474
-691
-742
-3384
13
-971
-3985
-2479
13
-2098
-3563
26
319
-759
-141
-2567
-1565
-2350
-2735
-2054
-658
166
-4056
287
367
-2806
-2739
-2961
-419
-2240
-276
-3449
-3122
-4895
-1817
337
-405
-3227
-1183
-2283
-12
-3351
-1894
-3824
304
-4995
-1749
-796
-387
-4356
-46
-3974
-3262
-3804
-2947
-3017
-766
-3565
-1981
-400
-1108
-3515
-2961
-485
-3633
-4554
-1064
-2892
-1576
330
-4165
-961
-3468
-1738
-3069
-4515
-2586
-2530
-1897
-3805
-2229
-22
-3195
-4623
-1682
-2556
-3828
-56
-3662
-1123
-3189
-4013
-534
-3922
-498
-1136
-2731
-2572
-3546
-3042
-1752
-3100
-927
-369
-3880
-3950
-3617
-3153
-4685
-483
-3198
-4603
-282
-4514
-3493
-2355
-4680
-181
111
-4208
-4849
-4571
-1148
-200
-4542
-4665
172
-4662
-3692
-1962
-2815
-1565
-4097
-4837
-3493
-4521
-2568
-3910
-1739
327
-1208
-858
-2282
339
-627
-4206
-2486
-1359
-4761
-856
-3099
-3427
-3689
-3433
-260
-1599
-507
-1767
-4524
-2207
-1068
-4492
-2693
-460
-2084
-2715
-1759
-4938
-3676
-4972
-111
-4612
-2535
-288
-3842
-4174
-3557
-3520
186
-2215
-2103
224
-4945
-4208
-1486
-1662
-1371
-3504
-738
-15
-1888
-1195
-2493
-3021
-1331
-4641
-999
-1478
53
121
-1400
-1856
-1444
-1701
-2177
-3393
-1684
-1664
183
-1594
-558
-1226
-2999
151
-1453
-391
-4697
-2233
232
-3881
-3623
-4605
-1807
-2746
-3442
-499
-2577
-1688
451
249
-1400
-1619
-1466
-216
-779
-3288
-2056
453
-2371
-757
-821
-3012
-3627
-2373
-1200
-102
192
-434
-1406
-3422
-4209
-73
-3543
-3060
-3050
-4747
-2892
-4768
-2710
-1335
487
-134
-1665
-1842
-116
-3765
-2760
-3232
303
-4747
-3395
-3558
-919
-839
-1066
-1234
427
-4067
-870
-4086
-2879
-552
-3774
-2766
-3840
-4875
-489
-3553
-1905
-1153
-3076
-2387
-1910
-3643
377
-1570
-1239
-4968
195
272
-575
-3223
-3702
-4466
-841
287
-2819
477
-4243
-1184
175
-4434
-280
-4298
-3715
-4865
-3693
-842
-2729
-234
-52
-706
-4635
-2937
-3023
437
-2135
-4459
-2269
205
-4041
-3983
-4021
-2898
-290
-1703
-1905
-1194
-4543
-571
-4094
-634
-2143
-4023
-2057
-4606
-2720
-4631
-1641
-3864
-1890
-4746
-1934
-4109
-3146
-2929
-4694
-163
-518
-322
-5
-2007
85
-3732
-3889
-623
-610
-2693
-1681
-1443
-4208
-837
-829
-980
-984
-2216
-2046
-4617
-2858
-3295
-1682
-3451
-569
-2730
-2686
-3059
-4097
91
-4517
-1134
-3509
365
-4098
-3378
-1642
-3591
-990
338
-4432
-3196
-4469
-1613
-2445
-2386
421
-1057
-4249
-3985
-994
45
-4812
-284
-2262
-4895
-1650
-355
-4668
-1743
-1769
-3479
377
-4913
-666
-3469
-2137
-4113
-492
-2849
-4720
-4311
-3960
-1871
-719
-1887
-1545
-2855
-1958
-4759
-2504
-2886
-426
-1250
-3049
-61
194
-2064
-1086
-4500
-2764
-1264
359
-4268
-4552
-1501
-1158
-465
-745
-4496
-1129
-1213
-1029
-902
276
-4099
-1515
-2063
-3197
-2917
-790
-1838
-4682
-1769
-1277
-818
-1637
196
-1011
232
26
-259
-63
-1594
-4758
-3719
-3152
-3932
-98
-688
122
-4875
-2255
-4620
-1810
-411
-3345
-369
-3370
-3182
-4136
-145
-588
-3719
-3063
-4254
-1306
-653
-2524
-3695
-2250
-162
-1630
141
-3773
-2560
101
-4455
-3010
-3615
-1200
-1012
-406
-3258
-3667
-52
-102
-4127
-4507
-2118
-715
-1416
-1791
-691
-1476
-2567
-933
-753
-2910
-3528
-240
-883
-786
-4557
-4079
409
-4135
-4887
-4289
-4972
-3605
-4863
-1687
446
-789
-369
-4472
-3374
-2720
-2604
-4902
443
-605
-1122
-2921
-260
-3647
-2462
-3567
-2548
-4560
-2147
-2703
309
-3465
-4745
-4781
85
-2513
293
-4796
-1964
464
-3690
-2780
-874
-3875
-2889
-3714
-4454
-2145
-1615
44
-4269
-401
13
-2095
-3016
-2283
-4253
-976
-902
-3090
-3813
-1100
-4637
-595
-2689
-4443
-3205
-749
-3925
-2415
-935
-1374
-4563
-1134
-2885
-4336
-221
-523
-3643
-896
-2265
-2347
-2194
-3330
-2995
-1043
-1611
-2972
-224
-2011
-393
-2543
-4510
-4901
-4719
-3428
-1104
188
-2249
-606
-4133
-3986
-1187
-3275
-2224
-1892
-4404
-3441
-1330
-3662
-827
-2927
-1074
-2156
-3910
471
-2271
-3027
-1490
-4866
-2323
-49
-2708
235
-1082
-8
-4366
-769
-2722
217
-4544
-2051
-1011
-4015
-2092
-2848
-2720
-2394
-2497
-38
-4616
-726
-3749
-4635
-2663
-4909
-3488
-1510
-2743
84
-854
-3901
-3159
-3725
-4744
-2680
-475
-3884
-2767
-4710
-1077
228
-1578
-36
-3183
-1582
-3463
-4953
-3881
-3431
-238
-2796
-4152
-2463
157
-2931
-2013
-1435
-3277
-3934
-295
-1898
-3919
-3118
-2040
-4436
-3242
-4609
-2692
-4255
-2714
-1072
-2855
-1227
-2615
-409
-2136
-2335
-3383
-1220
-4670
-650
-1561
-2509
-3811
-10
-4771
-3777
-1167
281
-1511
-672
-1103
-4338
-3886
-2606
-1133
-2525
-3956
-4385
-3349
-3402
-2740
-2764
-4831
-3130
-4250
-4172
-416
-4783
-405
-3541
48
-551
-1169
-4321
-3131
-4756
-2852
-437
-554
-2483
-1056
-4804
-877
-1255
-4389
-487
-2609
-2162
-3133
-485
-1740
-2815
-2660
-2971
-3889
-4842
-4665
-2384
-4528
445
-4032
-2435
-1072
-2448
-3319
-1907
-3799
-2251
-3692
-3711
-3469
-2915
-878
-2262
199
-4956
173
-2459
-2956
-1301
-1040
-3058
230
-755
-2525
-4543
-3806
-1798
-1179
-1794
-3611
-2431
-2694
-2121
-460
-412
-2303
-2516
-3435
-1966
-2181
-3889
-4548
190
-2484
-188
-1530
97
-525
-3625
-3433
-3521
-3769
-3579
-4787
-2848
-102
-2591
-314
-3000
-4174
-3189
-3220
-3520
-347
340
-4787
-2918
-2535
-1533
-921
-3640
-4117
-2234
-1742
-1373
-2567
-2700
-1262
-1843
-4459
-3020
-739
-1244
-4201
-3757
-3921
-3118
-1732
-4084
-2162
-3922
288
-1851
-3098
-2082
-1489
-3636
-935
-611
-249
-70
-3974
-2965
-376
-1727
-2297
-4263
463
-4748
-2624
-523
-461
-1609
0
-4044
-693
372
-1523
-1327
-3082
-4052
-972
-1393
-4678
-4501
-788
92
-4065
365
-1813
18
-2722
-297
-3772
-853
-2455
-2939
182
-139
-3821
-4654
-3386
-2874
-1004
206
-4568
-2505
-4658
-2376
-393
-2533
-387
-3608
86
-446
-2246
-890
-3617
-3949
-3766
58
308
-3711
-2913
-4296
-3175
-2242
65
-2784
-3502
344
-446
-4687
-394
-2773
237
-2150
-425
77
-1351
-2066
-2575
-3787
-1909
-2868
-4076
-3575
-3558
-1265
-212
-634
59
-2241
-129
-2855
-682
-1835
-3426
-3335
-2471
-734
-4705
-1886
-3402
-4272
-966
-2527
-147
-3774
-2569
-2944
-4437
-1160
-3108
-4097
-2980
-1425
-3070
-1657
-3248
-4423
-525
-1037
74
-1673
3
-3840
-1060
-1748
-1568
-216
-4536
26
-3181
-594
-2702
-59
-1499
-1697
-4673
-1383
-4132
-1298
-147
-3932
-99
-1340
-886
-4580
-3275
-2022
-1198
-1692
-4776
-505
-4657
-1949
-1521
-4969
-2246
-3770
-2573
-4124
-210
-3206
-3893
-2934
-2460
-3886
-2041
-3918
-2933
-4180
-272
-348
-4733
-1974
-2137
-1197
-412
187
-373
-882
-3269
-2616
-4381
-2574
29
-2550
172
-630
-208
-1558
-3428
-1922
-830
310
-2692
-3130
-66
-1739
-3559
-1502
-28
-90
-4515
-2995
-2259
-4885
-4628
261
-2313
-4076
-4263
-3459
169
-4698
117
-2892
-3736
-1961
-3475
-2067
-4164
-4403
-3555
-3546
-4758
-3967
-2201
379
-2275
-2245
-708
-504
-1568
-3223
-1050
-2853
-984
-4394
-2025
-1906
-3526
-3891
-1421
251
-3385
-3224
-4718
-1791
-2107
-4850
-3798
-3511
-753
-3222
-3379
-2082
499
-3444
-1818
-4567
-1736
-3627
-3963
-4648
-4346
-210
-4508
-698
-2057
-2253
-4552
309
-797
-4104
428
86
-1546
-880
-2452
-4014
-2204
-828
-1282
-3624
-3851
-1821
-202
-4768
-1728
-3672
-2054
-478
-2833
-1587
-4722
-2876
-3244
-4176
-2557
-1044
-2516
-1987
-4274
-3243
-1623
-860
-4895
-1539
-1780
-2070
-2068
-2559
-2738
-4779
-2851
-717
290
-155
-2830
-2944
-103
450
-366
-2087
-4879
-2999
-174
-479
115
-3488
-2028
233
-3730
163
-4116
-35
-3069
-3779
-1495
-2578
-4434
-3795
-2875
-2747
-334
-3003
-1192
-4375
-3016
-4813
-4637
-2799
251
-1242
-4462
304
332
-4149
-477
-2496
-1119
-663
-2141
-893
-4433
-1269
-845
-762
-666
-4661
-4552
-4509
-4375
-1333
-1135
-1466
-2937
-756
-1695
-2443
-1556
-3225
-2392
-611
-3358
-4639
-1777
-3002
-4848
-3850
-1903
-387
-4506
-4448
258
-1237
-3293
-4865
-2823
-3653
268
-273
-919
-623
-167
-1030
-487
-625
-205
-827
-2287
-2817
-714
-685
-3044
-506
-660
-4616
-4132
-938
-1153
-2849
-1459
-3964
-3527
-830
-1146
-3869
81
-3909
-3035
-1557
484
-1587
-4615
-817
-2629
-4588
-2483
-2386
-943
-4880
-997
-540
-3083
-1471
-4904
-1107
-3975
-2605
-4074
-3556
-467
-2503
-1725
-2310
-2073
-1305
-992
-572
-4842
-2633
-1017
380
-1827
-90
-2052
-2909
-3956
-2630
-2472
-4667
-14
-4085
-586
463
-3978
-4028
-2145
-768
-3293
-3123
-751
-336
-4074
-4413
-4570
379
-294
-3187
413
-3136
-1227
-490
-2211
-2287
-3669
286
-2138
-770
-3336
-2706
-1765
-3759
-4665
-2987
-1357
-3580
55
194
-2995
-489
-1929
-4738
-4905
-2361
369
-3283
-3869
-3512
-560
-1311
-947
-418
-3069
-1918
-1375
-1053
-2013
357
-4200
-661
-4371
-4609
-1157
-957
-1662
-3643
-4056
-4218
-3944
-938
-3448
-435
-2675
-1389
63
17
-3368
-3122
-736
-3853
-1317
-840
-4371
-2464
-2880
-2159
-2803
-2178
-813
-1623
-1126
-3233
-2927
-887
-2066
-4473
-2810
-3709
-1664
-3858
-1865
-2122
-1641
-3777
-4821
-3397
-2596
-4853
-3792
-883
-1657
-4940
-3027
-1689
-2490
136
-4797
-2362
-1769
-3781
-3379
-1317
-4865
-851
-1407
-1304
-3605
-3308
-4844
-592
-187
-580
-4035
480
-3451
-2821
-4937
451
-2233
-3033
-1818
-3385
-3885
-3076
-1126
-2901
-2218
-1344
324
-4713
-3393
-1211
360
-2499
-2012
-206
-4156
-3155
-2620
-2312
-1042
-4058
-2287
-2810
-903
-2055
-2163
-311
-4514
-2161
-1352
-2332
-4813
-3856
-1994
-4131
-1330
-1765
-341
165
452
-1041
60
-2900
-2439
-4202
-2577
-1556
-447
-3430
-10
480
-751
-720
-3363
15
-3188
128
-783
-459
-1298
-2119
-2926
-4756
-2039
-3534
-4557
-1199
-3851
-2782
-407
-4769
-928
-2016
-3098
-4577
-2923
-1911
-4040
-4392
-4094
-4889
-1231
-413
-2686
144
-4737
-779
-104
217
-4195
-3747
-3699
-169
90
109
-3668
-1768
-230
-859
-3556
-4599
-1614
-1432
-2223
-3854
-1730
-4653
105
-1625
-4397
-4439
-3850
-838
-609
-4967
-2036
-4843
-82
-4402
-2464
-3400
-2940
-2738
-4785
-3623
-4261
-1646
-1476
-4952
-1753
-1530
-4307
-4818
-3751
-2218
-3600
165
-4395
-4461
-1892
-2394
-4263
-3100
-2711
-2696
-508
-4946
185
-1628
-1960
-4479
-481
-2033
-4336
-4051
-2302
-4694
-4081
-2483
-4006
-4702
-1305
-347
-1877
-640
340
-658
-4990
-4844
-3726
-2250
-3895
-678
-2245
-1239
-4229
-1747
-1506
-3329
-561
-1393
-4660
-4351
-2482
-539
-3692
-2933
-1701
-94
-765
-1370
-1564
-1757
-1004
-2510
-160
-912
-2726
-3148
124
374
-4166
-2222
-3448
-2811
-1857
-3287
-4163
-2169
-2468
-2978
-1180
-4412
-1882
-4327
-4272
-4980
-1314
-4190
-1032
-4483
-4909
-1990
-4767
-665
-4015
-4428
-4102
413
-2281
-1974
-4612
-2173
-2073
-1719
-1042
463
-1134
-2655
-3879
-2985
-945
-2320
-549
-1937
-2415
-3962
283
-4059
-1261
-2672
-3421
-1096
-1045
-1653
-2635
-2734
-115
-2528
385
-1181
-3633
-2289
-1770
-4221
-209
13
-1630
-3441
-2483
-4710
-4458
-2363
-3933
340
-4393
-3026
-4799
-3084
-2303
-1530
-1336
-3078
-3959
-3917
-1599
17
260
-3585
-2066
-3222
-4775
-4856
-639
-1251
-3728
-3123
-2089
-4588
-1526
-1277
-3245
-4613
122
140
-359
-918
-35
-2511
-2979
-835
-1405
-1577
-4425
-1622
219
-1868
-3927
-2307
-4199
-4416
-2365
95
-2759
-1395
-4459
-2359
-1607
-2781
-1931
-3543
-2826
-4426
-945
-3975
-14
-2351
-6
-4779
-4697
36
-4504
-2656
-4483
-552
-3294
-1144
-2972
-1316
-2639
-2330
-2655
-3034
-4555
-4218
-1
-3923
-4762
-2446
-2754
-2454
-3296
-861
-984
465
-2606
-1912
-1874
99
404
-4949
-722
77
-3914
-2967
-2101
-3484
-523
-2552
158
-4177
-3199
-2385
-3391
-3452
-3061
-1368
-28
-2834
54
-911
-3181
-1651
-3455
282
-4098
390
-1348
-4178
-1796
-789
-648
-4134
-2102
-2416
-3800
288
-694
-874
-1031
-2017
-728
-2971
-3383
-1741
-1494
-2139
-157
-1963
34
-3138
370
-3701
-2510
-795
-3597
259
-919
-3264
-887
-428
-9
-3962
-1067
-830
-1757
-2061
-4098
-2450
18
-705
207
-292
-838
-3894
-1630
-2883
-4552
-3035
-4201
-1309
-3086
-4096
-2417
-545
-1923
-3494
-2225
-2050
-1971
-4267
-1447
-3282
-3783
295
-3983
-253
-2137
322
-1293
-3
-4905
-412
-4733
-2332
-3858
-588
-1927
-3895
-1938
-998
-4973
489
-3675
-3947
-4599
-1959
-2775
-1954
118
-3424
22
351
-3119
-4893
-180
-2646
-1110
-594
-4472
-2615
-912
246
-3907
-526
-4292
-317
-4695
-1031
-2512
-3491
-837
262
-261
-2818
-4252
-3398
-4361
-3699
-1756
-4242
-4892
-2290
-2241
-3775
-2608
-418
332
-2886
-1677
-5000
-2676
-4191
-423
-2060
-1384
-3799
-2395
-553
-4109
-29
-984
133
-1322
-4745
-1645
-2246
-4980
-3355
-4005
-3471
-4639
-2939
-2970
-3947
-3662
-1445
-952
-4606
-1060
-4035
-2552
-4472
-4924
-2038
-2832
-2510
6
-240
298
-4431
262
-2479
-2776
-2035
211
-658
-922
-4924
-1414
-4924
-564
-3500
-1605
-4056
-4853
-2034
-988
-29
-4659
-117
193
-3233
-4415
-2327
-3082
-1336
-464
-1865
-658
-3088
-2199
-850
-2652
-4847
-552
-817
-2930
-2348
399
-1910
-4537
-2508
-162
325
-368
-4580
-1707
-2658
-3328
-3878
-1660
-2571
262
-4824
-527
-336
-462
-2868
-4067
-1869
-1372
304
155
-3542
-2795
-4206
-3903
-3156
-1833
-953
-4580
-836
-482
-2786
-4648
-3055
-2518
-3561
121
-1894
-3454
-3902
-2111
-4975
-1640
-1251
-3405
-4798
-718
-653
-3128
-1365
-2325
-1103
-147
-804
-526
-1107
301
-4501
-1507
-4815
-1054
-2810
-700
-1312
-2056
-472
-3404
414
-3528
-4956
-1548
-2709
-617
-3666
-1211
-3724
-4761
-3791
-2908
-2186
-3719
-4993
-1218
-2918
-2945
-1903
-3523
-3695
-3751
-3161
-4289
-761
-2940
-1496
-3684
-3745
-1960
-308
-628
-2632
70
-140
-4071
-2029
-4816
-2601
428
-1620
-993
-3372
-1543
-339
-171
222
-2111
-2300
-3799
-224
-2027
-4835
-201
-2744
-4421
-1171
-1740
-4304
130
-2067
-2499
-2136
-809
-2055
-2662
52
-1247
-499
-1680
-2214
-4697
-1288
-686
-1832
-591
-2508
-4734
-197
-2819
-4799
-3077
-2660
-1211
-4914
-4908
-2774
-3328
-1616
-3116
-1566
-2422
-3012
-4751
-3675
-1272
20
-4927
463
-2924
-2736
-1780
-915
-161
-2459
132
-3324
-3365
-4962
-1628
290
-2077
-2224
-4460
-4149
-58
-3922
-9
-2836
-643
-1372
-1994
-1090
-109
-563
-3861
-2087
-1756
-3482
-2667
-2332
-950
489
-4036
-882
-4468
-4580
270
-3602
-714
-4959
-3188
-2590
-1548
-2595
-4938
-4044
-3315
-4839
-1369
-2242
-718
-1063
-191
-694
-2095
-2393
-322
-2336
-4970
-4925
-2832
-2448
-518
-1376
-3944
-4537
201
-3489
-1329
-680
-4911
417
172
-845
177
-3381
-2828
-1103
-2289
-2501
-4243
-2453
-1685
-411
-3970
-3538
-3965
-1392
-1531
-1788
-1125
-706
-631
-1023
-596
-1405
-3446
-708
-3129
-1081
-1732
-949
-1458
-388
-1228
236
-2593
-207
199
-2530
-4053
-2557
-2240
388
-2749
-1939
291
-1441
-2090
-374
-979
-768
-48
145
-28
-4162
-473
-4260
-1405
-479
-428
-1607
364
-324
-208
-2687
-3428
-2227
-44
-3710
-4218
-3739
-3156
-3390
-1075
83
-3163
-1224
-4949
-1169
-1347
-2592
-2934
-764
-1467
-4414
-2467
-2992
-2153
-3483
-3931
-3022
-3253
-200
124
-1807
-3938
-4140
-320
-2803
-2633
-2712
-2604
-2335
-1001
-1628
-3781
-15
-4415
-790
-3540
448
-2486
-3305
-523
-4462
-2736
-1429
109
377
-1264
-2122
-3991
-175
-1299
-168
-1611
-4709
391
-2775
-4384
-1695
-1643
132
-1339
18
-2928
-2209
-2330
-4767
-4814
-3949
-4536
-4689
-1424
171
-1588
-818
-4626
-3603
245
-159
-2226
99
-4866
-4683
-3386
-308
-4788
-158
-3842
-3033
-444
-4048
-4980
424
-3493
80
-3253
-1658
-4094
-3576
-1221
-3026
-3131
404
-2220
-2829
-301
-2583
310
-818
-3414
-4829
-3304
-824
-3796
-4740
-2447
-3275
-1199
-4899
-2742
-2182
-2030
-1282
-2630
-73
-4852
-4120
-1637
-3364
-4737
-128
-632
-2604
319
-1006
-3610
-1449
-626
-2064
-1044
82
356
-3090
-552
-3080
-2074
-4214
408
-2896
-1050
-2845
387
-1571
-837
-99
-984
301
-103
-850
-4051
-2356
-168
-1667
-4682
-3560
-639
-4630
-4779
-540
58
-3616
-2064
-125
-4100
-476
-3363
-336
-591
-1041
-3148
-1683
-3043
-1935
197
-2781
-4398
-2548
-4095
-4955
86
-1460
-2653
-1066
-1755
-4300
-4338
-2904
-2436
-4675
175
-496
-4115
62
-4233
-4193
-519
-3329
-263
-4448
-2572
-3916
-1470
-4233
-4669
-1252
-3558
-1032
-3733
-2600
-423
-4712
-398
-4453
-1339
-4924
-3016
284
-2639
211
-3764
-2058
-3272
-1847
-1385
-1197
-1859
-4445
-4712
-4234
-2957
-2850
-4195
450
-2094
-2368
-261
-3023
-1258
-3905
-3316
-973
-2145
-2604
-458
-4632
-281
-962
-3673
-1051
-91
-898
268
-3814
-4
-4947
-3808
-2459
-3935
-4280
-1423
-2007
-2293
-4626
-3654
-835
-3267
-2204
-974
-3873
-575
-429
-4164
-4537
-4643
-3242
-433
-4009
-1477
-3012
-2799
-3971
-2516
-3981
-1521
-4441
-3219
-1188
-332
-3404
-3355
-1087
433
-1370
-271
-139
-2985
-3173
-830
-3995
-87
-156
-2365
-3633
-1117
-1282
-3187
-4013
-2437
-1223
-1436
-107
-1814
-1544
-3517
-4739
-1919
-4062
-3079
-4110
-4817
-3111
475
-3004
-2923
-4022
-235
-3060
-152
-3492
350
-1670
-3595
-856
-3963
-1113
-1548
424
-1045
-984
-3111
-4167
-2801
-2800
-483
-4540
-4216
-2403
-402
-2575
-4189
-2855
-2948
-4459
-1633
-2627
-4765
182
-2470
-787
-1285
-903
-4284
-3840
-342
119
-2880
-3591
148
-2917
-2428
-2536
-4205
-4831
-3500
-3084
-2857
-4552
-4439
-2021
-2986
-347
-4776
-3348
-966
-2345
-3360
209
-1565
-2258
-3867
-4211
354
-1434
173
-3425
-82
-2532
-278
-2699
-385
-1792
-4782
-4077
-4361
-1143
-2765
322
-4678
-51
-2510
-3921
-244
-475
-3098
-3539
-1319
-1971
-3478
-3115
-947
-1186
431
-480
-707
-1579
-4167
-272
-3999
-1015
-4202
-666
-1232
-2752
-2161
-4533
-3721
297
-729
-4614
-2297
-13
-1548
-3346
-209
-17
-1882
-3202
-3882
-3331
-4925
-3923
-2562
152
-2745
-2517
-2573
-937
-4003
-1065
-1390
-1949
-2030
-2466
-140
-4928
-3654
-916
-678
-2440
-2066
-3024
-1254
-245
-3230
149
-2907
-3202
-1263
-4774
-2139
-962
-2721
-3961
-1760
-188
-1656
-4014
-365
-1522
-4607
-4766
-4886
-2869
-1566
137
-1659
-4966
-2595
-4666
-4589
-4781
-2206
-595
-3447
-4968
-1770
-4201
-4316
-765
-1374
-2693
-772
-2380
-1937
-4661
-2224
-3522
-2747
-1303
241
-974
-1204
-1776
-2039
-3368
-3560
-1747
-2425
-894
-3018
-2515
-2235
-2446
-3639
-4280
-3710
-4110
-2406
-2772
-2995
-2993
-903
-4408
-2244
-4246
-3338
-1917
-3947
-4725
-2397
-3272
-723
-4949
-1082
-2489
-3192
-2258
-3657
-4963
-4429
-2117
-4015
-1565
-4952
-1599
-2043
-2762
-4970
-4671
-3923
-4609
-388
-3180
-4660
-2099
-4706
-1470
-1265
-4545
-308
-1876
-4064
78
-760
-3542
-490
-1853
-4373
487
-1570
-3729
-1351
-2491
103
-3910
-3254
-93
-2610
-2543
-2634
-2428
-2094
-2076
-213
-4452
-2476
-1607
-636
-1016
-3889
-3155
-965
-4749
-1819
-3012
-4313
-584
-3396
-1592
-124
-802
-3101
-2253
-4142
-3945
-2042
-4573
18
-2825
-3553
-1828
59
-1257
-2711
-194
-4610
-4989
-4298
-4577
-2536
-1765
-1288
-4353
-4711
-1123
-4302
-311
81
-3367
-4914
-4239
-2734
-2139
-4623
64
-4458
-634
-576
-4827
-4008
-4146
-1016
-2159
-4717
-211
-3840
-1145
-4124
-2598
-3069
-1265
121
-4260
-773
-4230
-1498
-3685
281
244
-884
-1932
-1573
-1960
-1151
-4959
-1946
-3748
-311
-2647
-486
-4752
-4399
-4505
-2873
-3700
-4625
-2980
-2697
-1113
-529
-880
-4442
-177
442
24
-1472
-2599
-1266
-2366
-4439
-4451
287
-3475
-4229
-1567
-4950
132
-4994
-3191
-3654
-4499
-337
-1995
-1298
-3730
-79
-4018
-3423
-1077
52
-3024
-2544
-513
-4851
-3257
-1637
-845
-4323
-718
-2253
-685
-4300
205
-1216
-1388
-213
-2938
-4389
-1209
-3771
-2932
-2951
-458
-4377
-3100
-3088
-1771
-2051
-636
-4900
-3861
-2878
-1290
-2374
-4481
-2622
266
-1169
-2882
-67
-3591
-3692
-1053
-211
-897
-4259
-3887
-4755
-4676
332
-825
-386
-861
-3687
-2477
-4691
-885
-2610
-1065
-2463
-2200
-4938
-4121
-1452
-2095
-1199
-4718
-2592
-250
-2154
-2414
-733
-25
-1544
-1848
189
-2773
-4498
-2239
-3318
-2582
-28
-3634
-38
-2193
-1369
-206
-1924
-1673
-1945
124
-2456
-2530
-1251
-3386
-2054
491
-4368
-473
-4977
-2076
-2186
-4457
-3219
-4908
-1055
-2604
-4508
-2772
7
-3050
-2199
-4663
-2238
-1499
-1927
-4426
-1587
-1722
-4856
-771
-3413
-2782
-4866
-3536
-2119
-3598
-3263
-2513
-3441
-4254
71
-1919
207
-4186
-3587
382
-2243
-2914
-333
-751
-3095
-2806
-3174
-4235
-867
-3644
89
-505
-1760
181
-1267
443
414
-4582
-2650
491
-807
-4453
264
-2537
-4864
-1772
-3763
-378
-3386
-2541
-4898
-2833
-3293
-2535
-1080
-2793
-1189
-2608
-4862
-2449
-1818
-4266
-535
-3382
-895
-4646
-1689
-521
-2418
-4212
-891
-3766
-3717
-1587
-3969
-3800
-2946
-2159
-3257
-4225
-936
-597
-2231
-2113
-2588
179
-603
-1352
-4425
-667
-1819
371
-1778
-4051
-480
-3681
-2017
-381
-4390
127
196
-2328
-3110
-3462
-1101
114
-1118
-702
423
239
-4203
-170
-364
121
-4057
-30
-2028
-3584
-2914
-4661
-600
-922
-1133
-3300
-186
-2949
-1782
-4890
-3424
-1759
-65
-2044
371
-2967
-2773
-146
-2798
-55
-726
-1344
-3209
-4388
-2078
-3530
-4680
-4057
453
393
-937
-4905
-414
-409
91
229
-2644
-4779
-2991
-1850
329
-2210
-1079
-317
-1139
-4769
-4198
-2008
-3496
-3080
-2062
-2111
-510
-945
-2279
-1814
-2404
-1615
-1284
-94
-1990
383
-2873
-3095
-2158
-2504
-4084
-4248
-3384
-2792
-2778
-373
405
-1804
-2534
-687
-3291
-471
-1188
-4765
-2776
-1652
-3898
-2169
-3977
-2333
-1235
-622
-3689
-2441
-4735
235
-3707
-1058
-2793
-4935
-1754
-1122
-3000
-3092
-3217
-2892
-71
300
-1684
-4437
-4440
-2996
-4572
-487
-857
-1820
-1870
-156
-820
-428
-1582
392
-2450
-2211
-3706
-4208
-3235
-3956
-3825
-530
332
-3012
-2299
-2038
-2279
-2123
-1097
-976
-984
-2514
451
-2814
299
-711
-2929
-3153
-2442
-3867
-2546
-4253
-1342
220
-299
-2935
-4892
-1006
-2385
-898
-4468
-3731
-4376
-4891
-1202
-767
-202
-1343
-2486
-3334
304
-2006
412
-1660
179
-4970
-4442
-1424
-57
-467
-1289
-647
-4059
-2045
-2663
-4330
-2951
-4990
-2750
-1178
-64
-2282
-733
-111
-1780
371
334
-788
-682
-2084
-158
-1813
440
-3310
-4984
-1215
-4516
-3124
468
231
-1054
-74
286
298
-1138
-433
-3704
-777
-2625
-3930
-4041
-4087
-1854
-4919
-3772
-4009
-1863
-4533
-4034
129
-2493
-1745
-750
-383
-733
-845
105
-2860
308
-1170
-3171
337
-2707
-106
-3876
-1562
-4995
-2802
-3281
-3354
-910
-2557
-2861
171
-2002
-2004
-4527
-2198
-566
-2886
286
-2976
-4557
-1539
-4828
-1372
-4425
-625
-4193
-1167
-3825
-4227
-464
-3588
-4272
-720
438
-2987
-1924
-2849
-1912
-3030
-1605
-3257
410
-2819
-3908
21
-4745
-3142
-2278
-2837
-979
-2463
-4569
-165
-3267
-3864
-1929
-914
-831
-95
-1496
-4634
-4839
-2703
-2099
-2122
-390
-3151
-304
-3988
-1276
-2772
-39
82
-357
-1768
-2833
-4429
389
-735
-3866
-368
-53
155
-1974
-214
-4229
-285
-1478
-1798
-2282
-1652
-3041
-1878
343
-2534
-793
-518
-3812
-1335
-447
-766
-4199
-1859
-933
-2331
-2817
-2288
-1988
-3806
-2603
-3688
-1254
-1871
-384
228
-4256
-3855
-306
-2535
-2862
-2594
-410
-2090
-506
-4791
-508
-3288
-4141
-15
-2145
-2387
-322
-315
7
-1056
-3737
-779
-4919
-596
-4274
-883
-4771
-1797
-176
-424
-1474
-3670
-3378
-2527
242
-1411
-2636
-2337
-4358
-3067
-3781
-3709
-1222
-2578
-186
-139
-864
-1689
-2431
-3475
-4886
-3833
-1854
-2039
-1450
-4093
-675
-3507
-3641
-1855
-4282
-3303
-2496
-4996
-1818
-3219
-3429
-3078
-3918
-925
286
-806
-4312
-1526
-656
-4538
-87
-554
-2987
-1509
-345
145
-4083
-3691
-3201
-3357
-2386
99
467
95
-3189
-2080
-2866
-4490
-457
436
-2733
-716
-483
-1286
-1447
-525
-3195
-2509
-3172
-2466
-797
-2569
-251
-1559
-1983
-3049
-846
-2433
-4988
-4510
158
-2972
-2935
-2827
-2564
-4545
-2801
-3091
424
-4585
-3284
-3596
-1866
-850
-4609
-1424
-3457
394
-3464
-1190
-4028
-4146
-1641
-455
-3999
-3121
-4704
-2197
-1826
198
-2667
-505
-1380
27
-4032
-1534
-4453
-4485
-4109
437
-1084
-371
97
-3430
-178
-1034
-3736
449
-1709
-1940
-1318
-82
-1561
-949
-4215
-4583
-4405
-950
-1884
-2429
-436
-3080
170
-1986
251
-193
135
-4711
-3943
-1173
-445
-4854
257
-2638
-2618
-316
-1068
-171
-3408
-1857
-4686
-821
-4948
-3578
-350
-1430
-3583
411
-698
-3579
-554
-424
-4332
91
-4135
-4424
-1247
-3736
-2177
-2023
-3450
-1502
-793
-2512
-4224
-4420
-4515
-527
-4757
-4465
-4612
-2600
181
-1364
6
-2742
-2964
-2428
-3529
-2802
-4262
-3486
-2595
-4932
-1149
-4520
-2253
-2516
-3835
-708
-3129
-4853
-205
-333
-4096
-1223
-3656
-2294
-1085
-3853
-441
-4887
-3045
-942
-981
-4304
-3932
-3350
-2513
-4966
-3280
-2475
495
-1295
-3285
-1874
-44
-3349
-2532
462
-4913
-2508
-3245
-366
228
-304
-2596
-1247
-4255
-1237
-4422
-523
-3318
-3244
-3836
-4220
-2120
99
320
-2469
-4924
-3726
-949
-1872
-4014
-1588
-2172
-2699
-3536
-3031
-1877
-167
-4885
-2861
-2316
-1832
-3480
-2910
-1283
-1785
-1838
-4767
252
-1816
-4807
-1209
-1784
339
-1118
-3444
-1256
336
-928
-2262
-3081
-1112
251
-1872
-3279
-1665
-1200
-576
-883
-3280
-4870
-3942
-1403
-831
114
-3194
-4
-636
-2399
-853
-1840
-1101
-2293
-4703
-1415
46
-3972
219
-2939
-620
-2695
-3234
220
-4956
-2919
-3792
-4
-874
-4170
-219
-4336
-3183
-3554
-2593
-4586
-2490
-2270
-3426
-379
-4631
-3503
-4470
-2575
-3389
-987
-4362
-1589
-355
-3206
-780
-3362
-4661
-3290
-2791
-1135
-315
-4453
-3966
-4170
-548
-442
-1988
328
314
-3610
-4143
-1590
-1732
-3323
-1535
-1871
173
-570
-3588
-3100
-4884
-202
-1380
404
-4917
-3641
-4099
-2488
-1196
-4401
-3820
-2362
-3101
-556
-2408
-4463
-280
-4178
-2749
-1309
-2687
-2379
-2388
-3377
-4769
-494
-3017
-4721
-2190
-3085
-211
159
-1259
-23
-1676
-1559
-2422
-865
-2185
-4050
-31
238
-1506
-2975
179
-294
-1670
169
-4346
385
-4720
-3176
311
-1668
-4972
-263
354
-441
-416
201
-2887
-1881
-558
-4122
-4639
-4972
-1238
-3132
211
432
-1315
-748
139
284
-1236
136
-4512
-4913
-908
-1584
-4291
-4534
-4225
-4159
-655
-1788
-81
-4763
-3284
-2756
-390
-787
-2484
-2345
-3066
-3471
-473
-3511
-4082
-1470
-109
-4081
-3040
-323
-3145
-252
-4841
-141
-869
-4390
-3248
30
-3687
-3851
-2531
-560
-1945
-1360
-1807
-2594
-2824
-72
-3953
-1956
-1220
-795
-1048
-2099
-4285
-3322
-3538
-2134
-2444
-2612
-3775
-484
320
-2486
-896
-4298
-1692
-4128
-1592
-2282
-3139
-4844
-4485
-2054
-4602
-2595
-2782
-1371
-1217
8
-1685
-1630
-892
-2811
-2384
-2060
-2395
-2646
63
-2547
-155
-2281
-3546
-1952
-1401
-1546
431
-3047
-365
-2248
-3988
-3472
-2445
-2703
-1417
-1517
-1500
-625
-2600
-184
431
166
-3110
-3736
-2418
-2420
-544
-4943
-491
-2340
-4775
-3855
-742
-15
-4605
-3129
-3939
469
-1595
-2819
-3019
-2007
-1155
-207
-1174
-2586
-2523
-226
-176
-4347
-4197
-3907
-4556
-2748
-1382
-1259
-4616
-3933
-4287
-3414
-4183
-1142
-1956
-4826
269
-2480
-3142
495
-3289
-4410
-437
-1815
-3676
-2025
-4166
-837
171
-2160
-2036
-392
-4664
-2038
-2137
-4162
-1761
-3548
-679
-4429
-669
-4378
-2491
-4377
-1493
-2573
-4714
-4948
-3455
-1107
68
-3419
-1329
-1734
-3975
-4898
-4528
-4906
-1206
121
-1484
-756
-2654
-1550
-4424
-185
-4518
-330
79
-2892
-1405
-3204
494
-1950
-2320
-1813
-912
43
-1721
-1868
184
-2446
52
-2286
-3843
-601
94
-4816
-2483
-4379
-1155
-1027
-4662
-4496
-166
-4783
-2061
-4497
-4689
-686
-4934
-1450
-1277
-2352
-2403
-1210
451
121
-737
-522
493
-1970
-3463
-784
-2212
-4948
-988
-482
-1619
-3601
-4246
-3324
-4068
-3253
-2827
-2861
-81
-2918
135
-3093
-4100
-218
-3335
-215
-2422
-3533
-1460
-1126
-1566
-1773
-3324
-4643
-116
-2665
170
228
-1591
-4139
-4564
-2786
-2883
-2500
-4649
-4715
84
-3792
-3333
456
-4940
-1777
-4777
-470
-83
93
434
-969
-624
-647
-2708
-3045
-568
-1651
-4041
-3461
-322
-4899
-2990
-3035
-2580
-4183
-4529
-3482
-878
-2821
-2126
-662
-992
-1822
-1123
-3998
-2442
-2581
-788
-160
-1511
-3773
49
-1762
-4948
-1502
-2924
-1037
-665
-117
-1996
-775
-2628
-3262
88
300
-2233
367
-3956
-3464
-2306
-4644
-945
-1299
-3281
-4963
-1037
242
-1191
-4801
-2024
-1390
-3937
-2409
-4842
-3156
-1105
-1360
-3000
100
-4475
-2293
-4533
-291
-126
-3932
-178
-465
-202
-1386
-1322
-2223
-4412
-1451
-926
-4530
371
-12
-2626
-769
-732
-2090
179
-3943
-1473
123
-3237
-3503
-2622
-1801
-1978
-2643
-1566
-4500
-646
-1213
-4588
-3440
480
-342
-2178
-3827
-2411
-821
-3520
-4840
-2140
436
-3254
-3851
-3595
420
-1808
-2570
-3716
-4486
-1258
-3428
-4210
-681
-905
-2761
-4288
-1211
-1692
-2622
-693
-4869
-1174
-4849
-2735
-546
-1717
-2968
-169
-2965
-4510
-1650
-2127
-3242
217
-683
-3657
-3609
-4436
-1952
-3784
-3031
-1139
-4947
-1711
-3249
-3126
-2284
-3118
-3445
-1372
-4756
-1789
-2124
-3559
-3088
-846
-1700
-98
-3084
230
-4210
-68
-404
-2681
-1404
-3868
-2786
-1154
377
-1742
-722
-2663
-4857
-4496
-1032
-1132
-315
224
-4100
-576
-2464
-3593
-2867
-4978
-3462
-3049
361
-3068
-4717
-280
-205
-242
21
-2408
-190
-3720
-2131
-2531
-2187
-1123
-879
-3981
-390
-4309
-1724
-2095
-2188
-1837
-1840
-1810
-1548
-4608
-135
-3671
-1295
-1101
49
-1576
-2821
-4207
440
-550
239
-613
-3918
-3693
-1895
-209
-1998
-1337
-4416
-3391
-866
-3759
-4663
-1071
-1084
-4677
-3529
346
-573
-2941
-2500
-4055
300
-502
-2952
-981
-4025
-3339
-4938
64
-2517
-3218
-3306
-286
-3241
-2233
-4804
-3605
-3537
-1589
-825
-1574
-4369
-2308
-1562
245
-1527
-3796
12
-1899
-1531
-4477
314
-2734
-2437
-1944
-434
-3090
-3812
-4047
-854
428
-1487
-4670
-4051
-31
-1016
-2775
-3241
-2952
-4824
-4105
-1881
-1365
-3215
-2416
-3307
-4378
-4545
-90
188
-3615
-3989
262
-4775
-1083
-2004
-3718
-2335
-507
-1320
391
-2342
-1128
-4309
-2994
-3114
-1780
-588
398
-2468
-4073
-1925
-3203
-2167
-4185
-2919
-2949
-3563
-2059
-3653
-4693
-2407
-2173
323
-2975
-505
-1166
-4738
-1122
-289
-2488
-1423
-4126
-3965
-876
-103
-4697
-877
434
-1833
347
231
-397
-4027
32
-4957
-2260
-3030
-2198
-1217
-2262
-2851
-1566
-1784
-4473
-4921
-3009
-1579
-1634
-4116
-3136
-279
-1175
-2177
-2838
-4165
-2394
-2821
-2358
-2516
-2277
-3885
-3441
-1889
18
-4374
-681
-3092
-394
-1966
-3942
-1864
116
-3871
-3499
-4621
-11
273
-205
-3924
-3287
-2205
405
-4590
-17
-4701
-1160
345
-2551
-3802
-1491
-4046
-4969
-1316
-2701
-4548
-3990
-4368
-885
-3748
-1411
-4613
-1732
-973
491
-2489
-4131
-3945
-2737
-2419
-9
-3377
-3026
-4468
157
435
-2229
-1975
382
-2519
-4552
-4485
-232
-1209
-2870
-1661
-626
-4815
-3166
-3299
-96
-3740
-1540
-3745
-251
-3483
-1526
-389
-4009
-3039
-1466
-3643
-662
-3093
-2335
-4608
-2475
-1952
-3071
-4316
-2578
-425
317
-2486
-2943
-2846
-2731
-3078
-3032
-3037
-3323
-4331
-1498
-2344
-4570
-2005
-3614
-4088
-991
-582
-4545
-3782
169
-1990
-664
-4785
-4921
-4459
-2263
-4762
-8
-329
-3219
-2775
-3900
-3468
-99
-3313
-551
-4414
-1668
-3176
-2396
-2763
380
-3097
-3473
-3870
-2799
-4750
-1913
-1333
-263
-3381
-4377
-979
-84
-2979
-2647
-4092
-927
-3154
-862
-741
-378
-221
-2327
-3112
-1510
-3319
-4390
-4036
217
-1796
-2763
-568
-2067
-2864
-103
-3400
-1465
-4873
342
-255
-3875
-352
-349
-4253
-1388
-680
-3328
108
-3486
-570
-3724
-4345
-1109
-1508
-2752
-698
-405
-182
-4219
-1613
-3067
-1084
-4130
-3112
-2113
-4328
-3622
-924
-3113
-3696
-2256
-1783
481
-4504
-2214
-197
463
-3371
257
134
-1457
-2770
-2347
206
-3172
-4743
-2429
-1755
-899
-3171
-4919
-4698
-4986
-4892
-294
-2474
-133
-4312
-3887
-4357
123
20
-4584
-1355
-4832
-2257
-2357
-4880
-1301
-2289
-1872
-1579
258
-40
-868
-2379
354
71
-402
-4012
-1831
-2960
-978
-1759
-4904
-2375
-4732
-1483
-3335
-991
-2739
-4962
-235
-1881
-2403
-2942
-2811
-4339
451
-1689
-3527
-4129
-2335
-492
260
-1624
-80
-2092
202
-2169
472
-2973
-1737
-483
-4211
-2912
-3103
-4833
-23
-1688
268
-1025
-2052
-1214
188
-3027
-3585
-614
-2901
-604
-4740
-1776
-2378
-4952
-314
-1875
-1077
361
416
-4206
-3839
-3315
-289
-3472
-1040
-2115
-1191
203
-293
154
173
-4816
-2621
-1452
-4269
-4824
-3869
-3934
-3485
-3508
175
-3470
-4259
-3877
-1826
-2638
-867
-1094
-951
-2951
-4957
-3653
-3136
-4157
-460
-1015
-2958
-211
-426
-55
-3766
-1703
-2980
-2627
-3692
-4906
-4073
-2765
-2333
-1245
-3490
-297
273
-1645
-4251
-4006
-1010
-2953
-475
-1447
-394
-1463
-790
379
-1358
-4374
-927
-211
-4388
-3608
-4918
-337
-3390
-748
-1669
-3099
-1287
-3646
-3040
-4318
-1300
-4457
-2805
-1856
-1616
-1929
307
-2393
172
-65
-4353
192
-237
176
-4172
-1313
-4354
-3906
-2939
-2882
-2145
-2426
-44
-418
-356
-110
370
-4199
-1891
-2841
-764
-2048
-903
-717
-2044
-4628
-2209
-3734
-4058
-4158
-3616
-1042
108
-167
-1698
-3364
-4577
-246
-4449
-1931
-2823
-1837
-1391
-2707
-3734
-2860
79
-3571
-3685
-546
-915
366
-4385
-4721
-1389
-897
-1728
-4512
-2421
-3883
-1954
-4505
-1145
69
-4071
-2372
-4469
-3128
260
-4572
-2899
-1537
-230
-981
-1766
-2369
-652
-3200
137
101
57
-2801
-300
-1912
156
-1426
-2
-981
-3384
-1200
-177
-4279
-2525
-551
-1894
-3373
-3850
-3439
426
-4403
-2153
-4526
-1220
-1684
-4102
-3112
-3810
207
-4272
71
-788
-1477
290
-3100
-115
177
-760
-583
488
-410
-4148
-4541
-4334
164
-1755
-2383
488
-775
-2909
-4552
-3738
-1015
-3415
-4573
-4335
-3675
-4310
-2436
-4252
-4533
-3641
-1297
-3574
-1322
-2958
-4144
-3399
-2017
-1592
-4666
-4888
-1088
-423
-1853
-3991
-4234
-1935
-1841
-1777
-4931
-209
381
-4298
346
-4516
316
-2954
-3750
-4184
-623
-1686
-1444
-4023
-899
-1809
-1589
-3208
-1338
-3421
-185
-1532
-3676
-2066
-2155
-1067
-656
76
-2458
-1686
-3272
-1872
-4203
-3602
-2282
43
-3934
-4620
-4881
-3830
-3190
-2689
-4758
-4747
-1996
-4441
251
-4103
-1099
-3995
-1489
-2728
-1690
235
-672
-1257
-1954
-2309
-2568
-4939
453
-1711
-4510
-538
-223
-2773
-4642
-2719
33
-1948
181
-4058
-2542
-462
-4925
-4567
446
-2545
-2301
-3980
93
-2655
-4858
-3010
-996
-3834
-2026
-4077
-3008
-1991
-1688
-1668
-2786
-2437
-1243
212
64
-3330
-3082
-3861
-2885
-2487
-2683
-3870
-2443
-2084
-1418
-7
-4687
-69
-875
-2055
-1246
-4152
-2775
-308
-3529
-1251
-2320
-3433
-3586
-1283
-244
-3130
-2650
-54
-4419
-4598
-892
-2945
-3306
-360
-4076
-3004
-4365
-2662
-2640
498
-2086
-481
-739
-1296
-791
-1058
35
-2716
-2531
-419
-4563
-3579
373
-3152
-2732
-3991
-2946
-3626
-1486
365
-801
417
-3484
-2781
-2319
-3492
-1296
-3434
-3734
-3349
-4554
-3531
-951
-2469
-1534
-3311
69
-967
-4895
-3327
-4364
-3494
-1805
-4182
-4703
-2834
-3493
-4804
-3433
421
-3809
-203
-434
-1519
-2127
-1238
184
-3874
-3562
